2
0.1058516355224984
1 -0.05272736888153952 0.4943924829495947 0.05292581776124922 -0.4943608612787675 -0.106049408137235 0.5
1 0.05272736888153952 -0.4943924829495947 0.05292581776124922 0.4943608612787675 0.106049408137235 0.5
2
0.2101134920616391
1 -0.1034864118632706 0.4778448499199344 0.1050567460308195 -0.4773428770897227 -0.2116622240973421 0.5
1 0.1034864118632706 -0.4778448499199344 0.1050567460308195 0.4773428770897227 0.2116622240973421 0.5
2
0.3111236077232699
1 -0.150365333723824 0.4512098108380565 0.155561803861635 -0.448707224545259 -0.3161559635511177 0.5
1 0.150365333723824 -0.4512098108380565 0.155561803861635 0.448707224545259 0.3161559635511177 0.5
2
0.4074374079576209
1 -0.1917427825850395 0.4158467628476027 0.2037187039788105 -0.40811427861976 -0.4187223905970597 0.5
1 0.1917427825850395 -0.4158467628476027 0.2037187039788105 0.40811427861976 0.4187223905970597 0.5
2
0.5152288656558505
1 -0.2324400583377397 0.3643362735155761 0.2576144328279252 -0.3430428816265769 -0.5378463260835881 0.5
1 0.2324400583377397 -0.3643362735155761 0.2576144328279252 0.3430428816265769 0.5378463260835881 0.5
2
0.6133145819526102
1 -0.2622122102106251 0.3060849511106639 0.3066572909763051 -0.2594359591121421 -0.6505820303687869 0.5
1 0.2622122102106251 -0.3060849511106639 0.3066572909763051 0.2594359591121421 0.6505820303687869 0.5
2
0.7011026816718793
1 -0.2807084554272145 0.2444364165924109 0.3505513408359396 -0.1567019282023332 -0.7541501913795633 0.5
1 0.2807084554272145 -0.2444364165924109 0.3505513408359396 0.1567019282023332 0.7541501913795633 0.5
2
0.8022904051817982
1 -0.2886482028758781 0.1621128452052132 0.4011452025908991 0.01031656804167604 -0.871900244391788 0.5
1 0.2886482028758781 -0.1621128452052132 0.4011452025908991 -0.01031656804167604 0.871900244391788 0.5
2
0.9023699380821811
1 -0.2761825538624665 0.06966814737928649 0.4511849690410906 0.2554079552462261 -0.9696260026124098 0.5
1 0.2761825538624665 -0.06966814737928649 0.4511849690410906 -0.2554079552462261 0.9696260026124098 0.5
2
1.003619055510134
1 -0.2326117092567246 -0.03073352909408483 0.501809527755067 0.6309854092366495 -0.991384198505141 0.5
1 0.2326117092567246 0.03073352909408483 0.501809527755067 -0.6309854092366495 0.991384198505141 0.5
2
1.10320109719143
1 -0.1451270770165031 -0.1214801966861453 0.5516005485957148 1.141869790041094 -0.7668135391740376 0.5
1 0.1451270770165031 0.1214801966861453 0.5516005485957148 -1.141869790041094 0.7668135391740376 0.5
2
1.201105460325528
1 -0.01213407699892942 -0.1663720361514835 0.6005527301627642 1.497351017136723 -0.07273989399051063 0.5
1 0.01213407699892942 0.1663720361514835 0.6005527301627642 -1.497351017136723 0.07273989399051063 0.5
2
1.302885334063657
1 0.1306653857131616 -0.1305646820105743 0.6514426670318287 1.206834197763258 0.7073797625247665 0.5
1 -0.1306653857131616 0.1305646820105743 0.6514426670318287 -1.206834197763258 -0.7073797625247665 0.5
2
1.400712189836387
1 0.2232819571906113 -0.0446102117661955 0.7003560949181935 0.6959211194100713 0.9806201705871838 0.5
1 -0.2232819571906113 0.0446102117661955 0.7003560949181935 -0.6959211194100713 -0.9806201705871838 0.5
2
1.501324454479712
1 0.2720969469523972 0.05533236580937059 0.7506622272398559 0.3007232829568148 0.9799437971757984 0.5
1 -0.2720969469523972 -0.05533236580937059 0.7506622272398559 -0.3007232829568148 -0.9799437971757984 0.5
2
1.604170905142497
1 0.2883808900545642 0.1516252887803639 0.8020854525712484 0.03462401478870498 0.8851136595103249 0.5
1 -0.2883808900545642 -0.1516252887803639 0.8020854525712484 -0.03462401478870498 -0.8851136595103249 0.5
2
1.700528390110387
1 0.2831405533041055 0.2316244291446171 0.8502641950551934 -0.133178831849991 0.7740061193033236 0.5
1 -0.2831405533041055 -0.2316244291446171 0.8502641950551934 0.133178831849991 -0.7740061193033236 0.5
2
1.81458445871776
1 0.2597025624233132 0.3122129008263444 0.9072922293588799 -0.2687960579547788 0.639494643545789 0.5
1 -0.2597025624233132 -0.3122129008263444 0.9072922293588799 0.2687960579547788 -0.639494643545789 0.5
2
1.911937666683729
1 0.2294046746135652 0.3690086223397666 0.9559688333418643 -0.3492637481878071 0.5279694587986641 0.5
1 -0.2294046746135652 -0.3690086223397666 0.9559688333418643 0.3492637481878071 -0.5279694587986641 0.5
2
2.000460810543123
1 0.1960000608097327 0.4113901611945834 1.000230405271561 -0.4027753605345877 0.4301130164069025 0.5
1 -0.1960000608097327 -0.4113901611945834 1.000230405271561 0.4027753605345877 -0.4301130164069025 0.5
2
2.11458667005959
1 0.1470750446063848 0.4534933686753581 1.057293335029795 -0.4512252390700736 0.3084979218254223 0.5
1 -0.1470750446063848 -0.4534933686753581 1.057293335029795 0.4512252390700736 -0.3084979218254223 0.5
2
2.215064673742861
1 0.1002449563320803 0.4792563005366243 1.107532336871431 -0.4788170616175424 0.2047375489882393 0.5
1 -0.1002449563320803 -0.4792563005366243 1.107532336871431 0.4788170616175424 -0.2047375489882393 0.5
2
2.318977840515359
1 0.04954576164243896 0.495053647981116 1.159488920257679 -0.4950291773512448 0.09958471933515595 0.5
1 -0.04954576164243896 -0.495053647981116 1.159488920257679 0.4950291773512448 -0.09958471933515595 0.5
2
2.403502912897148
1 0.007447025505009129 0.4998890284365134 1.201751456448574 -0.4998890827000018 0.0148963174677961 0.5
1 -0.007447025505009129 -0.4998890284365134 1.201751456448574 0.4998890827000018 -0.0148963174677961 0.5
2
2.509437208373332
1 -0.04539345141916882 0.4958531024330338 1.254718604186666 -0.4958358355468023 -0.0911643344804887 0.5
1 0.04539345141916882 -0.4958531024330338 1.254718604186666 0.4958358355468023 0.0911643344804887 0.5
2
2.614026427281442
1 -0.09654940853275804 0.480803771820286 1.307013213640721 -0.4804280015698666 -0.1968774936353108 0.5
1 0.09654940853275804 -0.480803771820286 1.307013213640721 0.4804280015698666 0.1968774936353108 0.5
2
2.715586579235088
1 -0.1440792636129926 0.4555139682122233 1.357793289617544 -0.4534427004695172 -0.3015736978662059 0.5
1 0.1440792636129926 -0.4555139682122233 1.357793289617544 0.4534427004695172 0.3015736978662059 0.5
2
2.81263671565929
1 -0.1863133800298972 0.4212794557919175 1.406318357829645 -0.414552845365027 -0.4044658636521025 0.5
1 0.1863133800298972 -0.4212794557919175 1.406318357829645 0.414552845365027 0.4044658636521025 0.5
2
2.903987274339914
1 -0.2219663775880928 0.3797843931015153 1.451993637169957 -0.3633576552179048 -0.5045918791755465 0.5
1 0.2219663775880928 -0.3797843931015153 1.451993637169957 0.3633576552179048 0.5045918791755465 0.5
2
3.004917478989557
1 -0.2549118726761105 0.3230993820822941 1.502458739494779 -0.2850796224607335 -0.6193942443368449 0.5
1 0.2549118726761105 -0.3230993820822941 1.502458739494779 0.2850796224607335 0.6193942443368449 0.5
2
3.109760874186739
1 -0.2791185024456665 0.2517260457803004 1.55488043709337 -0.1697278789349899 -0.7426059717897905 0.5
1 0.2791185024456665 -0.2517260457803004 1.55488043709337 0.1697278789349899 0.7426059717897905 0.5
2
3.200626331649997
1 -0.2884653453762039 0.1793788898079272 1.600313165824999 -0.02806706635887885 -0.8492020166658427 0.5
1 0.2884653453762039 -0.1793788898079272 1.600313165824999 0.02806706635887885 0.8492020166658427 0.5
2
3.305707952661888
1 -0.2796975221749394 0.08418245414706821 1.652853976330944 0.2117940980930566 -0.9575677800153057 0.5
1 0.2796975221749394 -0.08418245414706821 1.652853976330944 -0.2117940980930566 0.9575677800153057 0.5
2
3.405124183496985
1 -0.2426423184768031 -0.01391799459878743 1.702562091748493 0.5572659659684343 -0.9983582434476987 0.5
1 0.2426423184768031 0.01391799459878743 1.702562091748493 -0.5572659659684343 0.9983582434476987 0.5
2
3.501332905784008
1 -0.1671614017863254 -0.1050941096866156 1.750666452892004 1.032248613111135 -0.8465873490140978 0.5
1 0.1671614017863254 0.1050941096866156 1.750666452892004 -1.032248613111135 0.8465873490140978 0.5
2
3.600325376975986
1 -0.04063910678085146 -0.1633470615341266 1.800162688487993 1.470418217845577 -0.2414294086687472 0.5
1 0.04063910678085146 0.1633470615341266 1.800162688487993 -1.470418217845577 0.2414294086687472 0.5
2
3.70328008904563
1 0.1081180792517872 -0.1424045505369166 1.851640044522815 1.296456836081813 0.6046964595824037 0.5
1 -0.1081180792517872 0.1424045505369166 1.851640044522815 -1.296456836081813 -0.6046964595824037 0.5
2
3.804342124379123
1 0.2124796727575188 -0.05897496432570507 1.902171062189562 0.7674452553718137 0.963574164468306 0.5
1 -0.2124796727575188 0.05897496432570507 1.902171062189562 -0.7674452553718137 -0.963574164468306 0.5
2
3.906369041255215
1 0.2677921287017513 0.04219158654082925 1.953184520627608 0.3443662588832188 0.9878159801210008 0.5
1 -0.2677921287017513 -0.04219158654082925 1.953184520627608 -0.3443662588832188 -0.9878159801210008 0.5
2
4.004509012170652
1 0.2874071108335013 0.1354627620731486 2.002254506085326 0.07365579656139015 0.9045621944038602 0.5
1 -0.2874071108335013 -0.1354627620731486 2.002254506085326 -0.07365579656139015 -0.9045621944038602 0.5
2
4.109774294516659
1 0.2842980463674324 0.2244905123168749 2.054887147258329 -0.1197203432120561 0.7848239351669728 0.5
1 -0.2842980463674324 -0.2244905123168749 2.054887147258329 0.1197203432120561 -0.7848239351669728 0.5
2
4.207206620174566
1 0.2662992720443985 0.2953407394432793 2.103603310087283 -0.242677947683823 0.6696500117707179 0.5
1 -0.2662992720443985 -0.2953407394432793 2.103603310087283 0.242677947683823 -0.6696500117707179 0.5
2
4.301710273751064
1 0.2391066459689825 0.3534324083445308 2.150855136875532 -0.3282617012009929 0.5603427413913079 0.5
1 -0.2391066459689825 -0.3534324083445308 2.150855136875532 0.3282617012009929 -0.5603427413913079 0.5
2
4.406049334017908
1 0.2011162599178112 0.4057910190791061 2.203024667008954 -0.3959931721425256 0.4440691469416606 0.5
1 -0.2011162599178112 -0.4057910190791061 2.203024667008954 0.3959931721425256 -0.4440691469416606 0.5
2
4.519237355268393
1 0.1532454973409255 0.4491531270498115 2.259618677634196 -0.4464297004318196 0.3229113104922983 0.5
1 -0.1532454973409255 -0.4491531270498115 2.259618677634196 0.4464297004318196 -0.3229113104922983 0.5
2
4.619116595296484
1 0.1070915404210298 0.4762138240818314 2.309558297648242 -0.4756346290048578 0.2194030981724559 0.5
1 -0.1070915404210298 -0.4762138240818314 2.309558297648242 0.4756346290048578 -0.2194030981724559 0.5
2
4.701717229840143
1 0.06712597258893782 0.4908627573504526 2.350858614920071 -0.4907787760082961 0.1354912007222545 0.5
1 -0.06712597258893782 -0.4908627573504526 2.350858614920071 0.4907787760082961 -0.1354912007222545 0.5
2
4.807023992587272
1 0.01488160953501795 0.4995566889955652 2.403511996293636 -0.4995566437957996 0.02977764829993343 0.5
1 -0.01488160953501795 -0.4995566889955652 2.403511996293636 0.4995566437957996 -0.02977764829993343 0.5
2
4.913005758907634
1 -0.03803096019687377 0.4970946692908291 2.456502879453817 -0.4970862250420496 -0.0762823150444096 0.5
1 0.03803096019687377 -0.4970946692908291 2.456502879453817 0.4970862250420496 0.0762823150444096 0.5
2
5.017888736591272
1 -0.08954504963886289 0.483558025114356 2.508944368295636 -0.4832830599448266 -0.1820826508319356 0.5
1 0.08954504963886289 -0.483558025114356 2.508944368295636 0.4832830599448266 0.1820826508319356 0.5
2
5.119969222295955
1 -0.137692313202537 0.4596383360527492 2.559984611147978 -0.4579405256651374 -0.2869657665978668 0.5
1 0.137692313202537 -0.4596383360527492 2.559984611147978 0.4579405256651374 0.2869657665978668 0.5
2
5.217731675157193
1 -0.1807570970541565 0.4265650856191264 2.608865837578596 -0.4207446631573674 -0.3901645824940501 0.5
1 0.1807570970541565 -0.4265650856191264 2.608865837578596 0.4207446631573674 0.3901645824940501 0.5
2
5.309941616245974
1 -0.2173951519814068 0.3859774112046899 2.654970808122987 -0.3713026231720346 -0.4907449556567685 0.5
1 0.2173951519814068 -0.3859774112046899 2.654970808122987 0.3713026231720346 0.4907449556567685 0.5
2
5.412027145808907
1 -0.2516363500883145 0.3300179300173763 2.706013572904454 -0.2952062454391103 -0.6063378517054278 0.5
1 0.2516363500883145 -0.3300179300173763 2.706013572904454 0.2952062454391103 0.6063378517054278 0.5
2
5.503969112139768
1 -0.2746392415143194 0.2693433368887926 2.751984556069884 -0.2001896785791654 -0.7139556574164955 0.5
1 0.2746392415143194 -0.2693433368887926 2.751984556069884 0.2001896785791654 0.7139556574164955 0.5
2
5.61052674757521
1 -0.2881613093037745 0.1865542060648145 2.805263373787605 -0.04345028431566915 -0.8394401071742446 0.5
1 0.2881613093037745 -0.1865542060648145 2.805263373787605 0.04345028431566915 0.8394401071742446 0.5
2
5.708312076878332
1 -0.2827004445738953 0.09919812033091899 2.854156038439166 0.168897403582981 -0.9435934761619855 0.5
1 0.2827004445738953 -0.09919812033091899 2.854156038439166 -0.168897403582981 0.9435934761619855 0.5
2
5.805509059471011
1 -0.2520112699998621 0.004088216146867423 2.902754529735506 0.4837797089849042 -0.9998671161380949 0.5
1 0.2520112699998621 -0.004088216146867423 2.902754529735506 -0.4837797089849042 0.9998671161380949 0.5
2
5.902635810922034
1 -0.1840181422282282 -0.09016207650932748 2.951317905461017 0.9399883974892433 -0.8980020753385174 0.5
1 0.1840181422282282 0.09016207650932748 2.951317905461017 -0.9399883974892433 0.8980020753385174 0.5
2
6.002566371686954
1 -0.06407087231790089 -0.1583528792392751 3.001283185843477 1.42699636883338 -0.3750688560358456 0.5
1 0.06407087231790089 0.1583528792392751 3.001283185843477 -1.42699636883338 0.3750688560358456 0.5
2
6.100979661988209
1 0.08032422836707469 -0.1535026574205554 3.050489830994104 1.386025827519382 0.4636375068695369 0.5
1 -0.08032422836707469 0.1535026574205554 3.050489830994104 -1.386025827519382 -0.4636375068695369 0.5
2
6.2037621185518
1 0.1970061868743677 -0.07697718756642596 3.1018810592759 0.8639392616156067 0.9314243777950729 0.5
1 -0.1970061868743677 0.07697718756642596 3.1018810592759 -0.8639392616156067 -0.9314243777950729 0.5
2
6.304729034257124
1 0.2601974268199619 0.02230422295401115 3.152364517128562 0.4145927397532996 0.9963478792362908 0.5
1 -0.2601974268199619 -0.02230422295401115 3.152364517128562 -0.4145927397532996 -0.9963478792362908 0.5
2
6.405715530002755
1 0.2858017873500581 0.119757590704856 3.202857765001378 0.113533336810043 0.9223051790011348 0.5
1 -0.2858017873500581 -0.119757590704856 3.202857765001378 -0.113533336810043 -0.9223051790011348 0.5
2
6.506551232646719
1 0.2865274012253052 0.2072458554051554 3.253275616323359 -0.08606551468504815 0.8102655139300832 0.5
1 -0.2865274012253052 -0.2072458554051554 3.253275616323359 0.08606551468504815 -0.8102655139300832 0.5
2
6.600664097170617
1 0.272012783485669 0.2782729798323298 3.300332048585308 -0.2151048346074722 0.6990191050104564 0.5
1 -0.272012783485669 -0.2782729798323298 3.300332048585308 0.2151048346074722 -0.6990191050104564 0.5
2
6.708550999496484
1 0.2428483259324836 0.3468799670312319 3.354275499748242 -0.3191961180959645 0.5735154179399156 0.5
1 -0.2428483259324836 -0.3468799670312319 3.354275499748242 0.3191961180959645 -0.5735154179399156 0.5
2
6.8117784800152
1 0.2060888943280837 0.4000771280018606 3.4058892400076 -0.3889849976745551 0.4579383058579898 0.5
1 -0.2060888943280837 -0.4000771280018606 3.4058892400076 0.3889849976745551 -0.4579383058579898 0.5
2
6.904736824648863
1 0.1677298173163369 0.4379591778160803 3.452368412324431 -0.4338562915330264 0.3576505200054407 0.5
1 -0.1677298173163369 -0.4379591778160803 3.452368412324431 0.4338562915330264 -0.3576505200054407 0.5
2
7.003057325173777
1 0.1233357228233573 0.4680443399515231 3.501528662586888 -0.4669900844124081 0.2548161686718855 0.5
1 -0.1233357228233573 -0.4680443399515231 3.501528662586888 0.4669900844124081 -0.2548161686718855 0.5
2
7.105508388744511
1 0.07427933931340147 0.4887758369473866 3.552754194372255 -0.4886488679952166 0.1502469411950435 0.5
1 -0.07427933931340147 -0.4887758369473866 3.552754194372255 0.4886488679952166 -0.1502469411950435 0.5
2
7.210580493768226
1 0.02229186120796311 0.499004494794489 3.605290246884113 -0.499003757105142 0.04462999686118618 0.5
1 -0.02229186120796311 -0.499004494794489 3.605290246884113 0.499003757105142 -0.04462999686118618 0.5
2
7.316574572851204
1 -0.03065178448313908 0.4981156405107739 3.658287286425602 -0.4981121423443749 -0.06141745807005893 0.5
1 0.03065178448313908 -0.4981156405107739 3.658287286425602 0.4981121423443749 0.06141745807005893 0.5
2
7.400841157766559
1 -0.07230488209118746 0.4893748514757276 3.700420578883279 -0.4892606492683003 -0.1461608881490154 0.5
1 0.07230488209118746 -0.4893748514757276 3.700420578883279 0.4892606492683003 0.1461608881490154 0.5
2
7.504056730619536
1 -0.1218055423741107 0.4688739333127638 3.752028365309768 -0.4678736938090188 -0.2514353874550364 0.5
1 0.1218055423741107 -0.4688739333127638 3.752028365309768 0.4678736938090188 0.2514353874550364 0.5
2
7.603442261857248
1 -0.1667706570920267 0.4387478741110546 3.801721130928624 -0.4347507961421808 -0.3553023986425629 0.5
1 0.1667706570920267 -0.4387478741110546 3.801721130928624 0.4347507961421808 0.3553023986425629 0.5
2
7.715786997215253
1 -0.2126858583827166 0.3920504370273614 3.857893498607627 -0.3789865289615132 -0.4768448983085867 0.5
1 0.2126858583827166 -0.3920504370273614 3.857893498607627 0.3789865289615132 0.4768448983085867 0.5
2
7.802492635386498
1 -0.2430577459121682 0.3465059463639495 3.901246317693249 -0.3186726622251321 -0.5742587082098793 0.5
1 0.2430577459121682 -0.3465059463639495 3.901246317693249 0.3186726622251321 0.5742587082098793 0.5
2
7.912163294694308
1 -0.2725346131195457 0.2765672056099505 3.956081647347154 -0.212280648943955 -0.701892980031151 0.5
1 0.2725346131195457 -0.2765672056099505 3.956081647347154 0.212280648943955 0.701892980031151 0.5
2
8.007774327310331
1 -0.2868546153692964 0.2040499173007486 4.003887163655166 -0.07964540919978891 -0.8148669874559668 0.5
1 0.2868546153692964 -0.2040499173007486 4.003887163655166 0.07964540919978891 0.8148669874559668 0.5
2
8.11012300076659
1 -0.2851487746670005 0.114720095118863 4.055061500383295 0.1267571775731028 -0.9277318053968826 0.5
1 0.2851487746670005 -0.114720095118863 4.055061500383295 -0.1267571775731028 0.9277318053968826 0.5
2
8.20464210846627
1 -0.2606201833486444 0.02332227643277632 4.102321054233135 0.4108684576024896 -0.9960179305659157 0.5
1 0.2606201833486444 -0.02332227643277632 4.102321054233135 -0.4108684576024896 0.9960179305659157 0.5
2
8.30274489952807
1 -0.2003254261102156 -0.07334227878340925 4.151372449764035 0.8437984389004961 -0.9390414649695799 0.5
1 0.2003254261102156 0.07334227878340925 4.151372449764035 -0.8437984389004961 0.9390414649695799 0.5
2
8.400662519073865
1 -0.09230138030985482 -0.1491684131302285 4.200331259536933 1.350369620532091 -0.5261836947290489 0.5
1 0.09230138030985482 0.1491684131302285 4.200331259536933 -1.350369620532091 0.5261836947290489 0.5
2
8.502993699603653
1 0.0571361872732675 -0.1600722487311056 4.251496849801827 1.441802381523327 0.33616915441509 0.5
1 -0.0571361872732675 0.1600722487311056 4.251496849801827 -1.441802381523327 -0.33616915441509 0.5
2
8.604449002021896
1 0.1808779207312584 -0.09311872030294549 4.302224501010948 0.9577202535122192 0.889098539526471 0.5
1 -0.1808779207312584 0.09311872030294549 4.302224501010948 -0.9577202535122192 -0.889098539526471 0.5
2
8.704384162163031
1 0.2517679782755282 0.003588310413310218 4.352192081081515 0.4857488785159234 0.9999008023311622 0.5
1 -0.2517679782755282 -0.003588310413310218 4.352192081081515 -0.4857488785159234 -0.9999008023311622 0.5
2
8.80772719100937
1 0.2836114257264505 0.1045112457586219 4.403863595504685 0.1542280188593649 0.93832098623283 0.5
1 -0.2836114257264505 -0.1045112457586219 4.403863595504685 -0.1542280188593649 -0.93832098623283 0.5
2
8.904090432231131
1 0.2879606563907287 0.1900902703666128 4.452045216115565 -0.05091549001338776 0.8345635041918128 0.5
1 -0.2879606563907287 -0.1900902703666128 4.452045216115565 0.05091549001338776 -0.8345635041918128 0.5
2
9.009004447636768
1 0.2741170348098061 0.2711823687103742 4.504502223818384 -0.2032912472761144 0.7109043582605898 0.5
1 -0.2741170348098061 -0.2711823687103742 4.504502223818384 0.2032912472761144 -0.7109043582605898 0.5
2
9.115505754962976
1 0.246447812134384 0.3402419117799397 4.557752877481488 -0.309867904451435 0.5866148680925956 0.5
1 -0.246447812134384 -0.3402419117799397 4.557752877481488 0.309867904451435 -0.5866148680925956 0.5
2
9.217607212201639
1 0.2109327340821719 0.3942341410499913 4.608803606100819 -0.3817258653074674 0.4717647671598154 0.5
1 -0.2109327340821719 -0.3942341410499913 4.608803606100819 0.3817258653074674 -0.4717647671598154 0.5
2
9.309732369833737
1 0.1735073058490179 0.4330701410792174 4.654866184916869 -0.4282702659854358 0.3719090518486112 0.5
1 -0.1735073058490179 -0.4330701410792174 4.654866184916869 0.4282702659854358 -0.3719090518486112 0.5
2
9.407366923840019
1 0.1298871637104741 0.4643517403695915 4.70368346192001 -0.4630348211577135 0.2693797997866857 0.5
1 -0.1298871637104741 -0.4643517403695915 4.70368346192001 0.4630348211577135 -0.2693797997866857 0.5
2
9.509323396732649
1 0.08138825811638827 0.4864771003927354 4.754661698366324 -0.4862923499735841 0.1650104325466095 0.5
1 -0.08138825811638827 -0.4864771003927354 4.754661698366324 0.4862923499735841 -0.1650104325466095 0.5
2
9.614126724900197
1 0.02969731886642066 0.4982311901939861 4.807063362450099 -0.4982284312504562 0.05950234956808052 0.5
1 -0.02969731886642066 -0.4982311901939861 4.807063362450099 0.4982284312504562 -0.05950234956808052 0.5
2
9.720097985510451
1 -0.02323645850709676 0.4989183832203066 4.860048992755226 -0.4989173278211345 -0.04652077849122564 0.5
1 0.02323645850709676 -0.4989183832203066 4.860048992755226 0.4989173278211345 0.04652077849122564 0.5
2
9.804525944232633
1 -0.06509084512366621 0.4914160475037361 4.902262972116317 -0.4913416333684847 -0.1313063474427916 0.5
1 0.06509084512366621 -0.4914160475037361 4.902262972116317 0.4913416333684847 0.1313063474427916 0.5
2
9.908156626249461
1 -0.1150892052467328 0.4723637572571562 4.954078313124731 -0.4715779452295966 -0.2367178920449721 0.5
1 0.1150892052467328 -0.4723637572571562 4.954078313124731 0.4715779452295966 0.2367178920449721 0.5
2
10.00816756646893
1 -0.1607895391282109 0.4435068997695849 5.004083783234463 -0.4401237646545733 -0.3408311092950052 0.5
1 0.1607895391282109 -0.4435068997695849 5.004083783234463 0.4401237646545733 0.3408311092950052 0.5
