 10
 3
  0.0000000E+00
  5.0000000E-01
  5.0000000E-01
  5.0000000E-01
  5.0000000E-01
  5.0000000E-01
  5.0000000E-01
  5.0000000E-01
  5.0000000E-01
  5.0000000E-01
  5.0000000E-01
  2.1787763E+00  3.4968683E-01  6.6667271E+00
  1.7905008E+01  8.0751175E-01  8.8208313E+00
  1.2561811E+00  1.1593470E+01  5.4293847E+00
  1.6643896E+01 -4.1543884E+00 -6.7197824E+00
  6.6385994E+00  6.2772460E+00  1.0880324E+00
 -7.4868960E+00  1.4984602E+01  1.0132491E+01
 -1.1616189E+01  5.6996012E+00  1.2335858E+01
  1.3911223E+01 -4.2970176E+00  3.2921219E+00
 -2.3039697E-01 -4.8880613E-01  9.8914938E+00
  2.0697958E+00  2.1488745E+00  1.5466483E+01
  0.0000000E+00  0.0000000E+00  0.0000000E+00
  0.0000000E+00  0.0000000E+00  0.0000000E+00
  0.0000000E+00  0.0000000E+00  0.0000000E+00
  0.0000000E+00  0.0000000E+00  0.0000000E+00
  0.0000000E+00  0.0000000E+00  0.0000000E+00
  0.0000000E+00  0.0000000E+00  0.0000000E+00
  0.0000000E+00  0.0000000E+00  0.0000000E+00
  0.0000000E+00  0.0000000E+00  0.0000000E+00
  0.0000000E+00  0.0000000E+00  0.0000000E+00
  0.0000000E+00  0.0000000E+00  0.0000000E+00
 10
 3
  9.9999934E-01
  5.0000000E-01
  5.0000000E-01
  5.0000000E-01
  5.0000000E-01
  5.0000000E-01
  5.0000000E-01
  5.0000000E-01
  5.0000000E-01
  5.0000000E-01
  5.0000000E-01
  2.1727369E+00  3.5141072E-01  6.6792927E+00
  1.7898891E+01  8.0609560E-01  8.8172779E+00
  1.2566813E+00  1.1586571E+01  5.4307370E+00
  1.6641329E+01 -4.1528554E+00 -6.7148414E+00
  6.6353912E+00  6.2744594E+00  1.0943773E+00
 -7.4835105E+00  1.4978954E+01  1.0131566E+01
 -1.1610051E+01  5.7005515E+00  1.2334043E+01
  1.3909120E+01 -4.2919488E+00  3.2933779E+00
 -2.1844937E-01 -4.8011854E-01  9.8827925E+00
  2.0678620E+00  2.1476564E+00  1.5455021E+01
 -1.2117554E-02  3.4372450E-03  2.5189620E-02
 -1.2234986E-02 -2.8334323E-03 -7.1084993E-03
  1.0011607E-03 -1.3800436E-02  2.7059834E-03
 -5.1338272E-03  3.0674792E-03  9.8838611E-03
 -6.4174747E-03 -5.5722590E-03  1.2692816E-02
  6.7715435E-03 -1.1294923E-02 -1.8516120E-03
  1.2268394E-02  1.9006016E-03 -3.6308281E-03
 -4.2055789E-03  1.0140608E-02  2.5124222E-03
  2.3935264E-02  1.7390775E-02 -1.7452711E-02
 -3.8669475E-03 -2.4356476E-03 -2.2941053E-02
 10
 3
  1.9999985E+00
  5.0000000E-01
  5.0000000E-01
  5.0000000E-01
  5.0000000E-01
  5.0000000E-01
  5.0000000E-01
  5.0000000E-01
  5.0000000E-01
  5.0000000E-01
  5.0000000E-01
  2.1543789E+00  3.5651848E-01  6.7173495E+00
  1.7880527E+01  8.0184150E-01  8.8066082E+00
  1.2581871E+00  1.1565852E+01  5.4348011E+00
  1.6633627E+01 -4.1482520E+00 -6.7000098E+00
  6.6257572E+00  6.2661028E+00  1.1134299E+00
 -7.4733486E+00  1.4962002E+01  1.0128788E+01
 -1.1591640E+01  5.7034030E+00  1.2328591E+01
  1.3902811E+01 -4.2767310E+00  3.2971549E+00
 -1.8236284E-01 -4.5396167E-01  9.8563814E+00
  2.0620642E+00  2.1439984E+00  1.5420546E+01
 -2.4724303E-02  6.7451000E-03  5.1115029E-02
 -2.4502797E-02 -5.6772092E-03 -1.4238311E-02
  2.0128298E-03 -2.7651064E-02  5.4260646E-03
 -1.0273983E-02  6.1408500E-03  1.9781893E-02
 -1.2856496E-02 -1.1138464E-02  2.5421530E-02
  1.3554730E-02 -2.2617912E-02 -3.7040513E-03
  2.4563169E-02  3.8101845E-03 -7.2732549E-03
 -8.4097134E-03  2.0300059E-02  5.0474936E-03
  4.8363838E-02  3.4971502E-02 -3.5523258E-02
 -7.7272854E-03 -4.8830323E-03 -4.6053156E-02
 10
 3
  2.9999976E+00
  5.0000000E-01
  5.0000000E-01
  5.0000000E-01
  5.0000000E-01
  5.0000000E-01
  5.0000000E-01
  5.0000000E-01
  5.0000000E-01
  5.0000000E-01
  5.0000000E-01
  2.1229384E+00  3.6480746E-01  6.7820477E+00
  1.7849865E+01  7.9473418E-01  8.7887907E+00
  1.2607141E+00  1.1531235E+01  5.4415994E+00
  1.6620779E+01 -4.1405697E+00 -6.6752677E+00
  6.6096640E+00  6.2521868E+00  1.1452446E+00
 -7.4563932E+00  1.4933700E+01  1.0124158E+01
 -1.1560907E+01  5.7081757E+00  1.2319489E+01
  1.3892301E+01 -4.2513356E+00  3.3034878E+00
 -1.2136916E-01 -4.1004154E-01  9.8112917E+00
  2.0524125E+00  2.1378822E+00  1.5362798E+01
 -3.8388610E-02  9.7704194E-03  7.8633562E-02
 -3.6836740E-02 -8.5418932E-03 -2.1411145E-02
  3.0457773E-03 -4.1603047E-02  8.1747528E-03
 -1.5426860E-02  9.2260819E-03  2.9708356E-02
 -1.9339008E-02 -1.6692257E-02  3.8222603E-02
  2.0361308E-02 -3.3997413E-02 -5.5581294E-03
  3.6911007E-02  5.7378053E-03 -1.0939064E-02
 -1.2610802E-02  3.0497504E-02  7.6283887E-03
  7.3855855E-02  5.2956164E-02 -5.4945361E-02
 -1.1571974E-02 -7.3532965E-03 -6.9514029E-02
 10
 3
  3.9999967E+00
  5.0000000E-01
  5.0000000E-01
  5.0000000E-01
  5.0000000E-01
  5.0000000E-01
  5.0000000E-01
  5.0000000E-01
  5.0000000E-01
  5.0000000E-01
  5.0000000E-01
  2.0770001E+00  3.7589622E-01  6.8755231E+00
  1.7806824E+01  7.8474700E-01  8.7637672E+00
  1.2642895E+00  1.1482594E+01  5.4511662E+00
  1.6602766E+01 -4.1297941E+00 -6.6405787E+00
  6.5870576E+00  6.2327256E+00  1.1899121E+00
 -7.4326143E+00  1.4893981E+01  1.0117672E+01
 -1.1517791E+01  5.7148881E+00  1.2306703E+01
  1.3877591E+01 -4.2157154E+00  3.3124349E+00
 -3.4048390E-02 -3.4782535E-01  9.7457047E+00
  2.0389295E+00  2.1292806E+00  1.5281337E+01
 -5.3870890E-02  1.2302438E-02  1.0889914E-01
 -4.9271148E-02 -1.1438548E-02 -2.8649656E-02
  4.1113244E-03 -5.5709649E-02  1.0967429E-02
 -2.0598935E-02  1.2329279E-02  3.9677747E-02
 -2.5887758E-02 -2.2226639E-02  5.1133558E-02
  2.7203232E-02 -4.5462541E-02 -7.4146371E-03
  4.9339253E-02  7.6926863E-03 -1.4640359E-02
 -1.6806889E-02  4.0752776E-02  1.0279338E-02
  1.0116845E-01  7.1616426E-02 -7.6737180E-02
 -1.5386716E-02 -9.8562017E-03 -9.3515523E-02
 10
 3
  5.0000196E+00
  5.0000000E-01
  5.0000000E-01
  5.0000000E-01
  5.0000000E-01
  5.0000000E-01
  5.0000000E-01
  5.0000000E-01
  5.0000000E-01
  5.0000000E-01
  5.0000000E-01
  2.0142119E+00  3.8914013E-01  7.0013394E+00
  1.7751278E+01  7.7184254E-01  8.7314625E+00
  1.2689519E+00  1.1419745E+01  5.4635534E+00
  1.6579575E+01 -4.1159024E+00 -6.5958934E+00
  6.5578589E+00  6.2077427E+00  1.2475606E+00
 -7.4019709E+00  1.4842738E+01  1.0109328E+01
 -1.1462193E+01  5.7235732E+00  1.2290193E+01
  1.3858690E+01 -4.1698022E+00  3.3240793E+00
  8.1949912E-02 -2.6645529E-01  9.6565008E+00
  2.0216563E+00  2.1181567E+00  1.5175513E+01
 -7.2335988E-02  1.4009767E-02  1.4369209E-01
 -6.1841849E-02 -1.4378934E-02 -3.5977796E-02
  5.2216765E-03 -7.0027202E-02  1.3820815E-02
 -2.5796819E-02  1.5456807E-02  4.9704771E-02
 -3.2526802E-02 -2.7733792E-02  6.4193755E-02
  3.4092784E-02 -5.7043552E-02 -9.2743151E-03
  6.1876122E-02  9.6842740E-03 -1.8389814E-02
 -2.0995509E-02  5.1086757E-02  1.3026240E-02
  1.3145432E-01  9.1344699E-02 -1.0252427E-01
 -1.9148136E-02 -1.2398819E-02 -1.1827155E-01
 10
 3
  6.0000424E+00
  5.0000000E-01
  5.0000000E-01
  5.0000000E-01
  5.0000000E-01
  5.0000000E-01
  5.0000000E-01
  5.0000000E-01
  5.0000000E-01
  5.0000000E-01
  5.0000000E-01
  1.9306701E+00  4.0344891E-01  7.1654415E+00
  1.7683058E+01  7.5596964E-01  8.6917744E+00
  1.2747538E+00  1.1342448E+01  5.4788332E+00
  1.6551167E+01 -4.0988708E+00 -6.5411458E+00
  6.5219646E+00  6.1772709E+00  1.3183626E+00
 -7.3644080E+00  1.4779843E+01  1.0099122E+01
 -1.1393994E+01  5.7342725E+00  1.2269898E+01
  1.3835606E+01 -4.1135068E+00  3.3385293E+00
  2.3050711E-01 -1.6456772E-01  9.5383568E+00
  2.0006630E+00  2.1044688E+00  1.5044457E+01
 -9.5842287E-02  1.4296626E-02  1.8618822E-01
 -7.4586876E-02 -1.7375877E-02 -4.3421619E-02
  6.3903593E-03 -8.4616557E-02  1.6753498E-02
 -3.1027390E-02  1.8615305E-02  5.9804522E-02
 -3.9282132E-02 -3.3204902E-02  7.7445246E-02
  4.1042630E-02 -6.8772070E-02 -1.1137826E-02
  7.4551105E-02  1.1722289E-02 -2.2200774E-02
 -2.5173467E-02  6.1521858E-02  1.5897339E-02
  1.6674638E-01  1.1279687E-01 -1.3530128E-01
 -2.2818549E-02 -1.4983523E-02 -1.4402731E-01
 10
 3
  7.0000653E+00
  5.0000000E-01
  5.0000000E-01
  5.0000000E-01
  5.0000000E-01
  5.0000000E-01
  5.0000000E-01
  5.0000000E-01
  5.0000000E-01
  5.0000000E-01
  5.0000000E-01
  1.8194591E+00  4.1685686E-01  7.3784537E+00
  1.7602011E+01  7.3706645E-01  8.6445742E+00
  1.2817591E+00  1.1250399E+01  5.4970946E+00
  1.6517508E+01 -4.0786619E+00 -6.4762559E+00
  6.4792457E+00  6.1413498E+00  1.4025307E+00
 -7.3198609E+00  1.4705135E+01  1.0087051E+01
 -1.1313038E+01  5.7470369E+00  1.2245762E+01
  1.3808350E+01 -4.0467153E+00  3.3559258E+00
  4.1848406E-01 -3.9864507E-02  9.3814697E+00
  1.9760680E+00  2.0881770E+00  1.4887027E+01
 -1.2875932E-01  1.1894713E-02  2.4321824E-01
 -8.7547190E-02 -2.0443592E-02 -5.1010016E-02
  7.6328549E-03 -9.9544279E-02  1.9786412E-02
 -3.6297668E-02  2.1811945E-02  6.9992773E-02
 -4.6182457E-02 -3.8630489E-02  9.0934031E-02
  4.8065934E-02 -8.0681726E-02 -1.3005720E-02
  8.7395631E-02  1.3816639E-02 -2.6087491E-02
 -2.9336594E-02  7.2082564E-02  1.8923983E-02
  2.1136737E-01  1.3729899E-01 -1.8168193E-01
 -2.6338700E-02 -1.7604789E-02 -1.7107016E-01
 10
 3
  8.0000877E+00
  5.0000000E-01
  5.0000000E-01
  5.0000000E-01
  5.0000000E-01
  5.0000000E-01
  5.0000000E-01
  5.0000000E-01
  5.0000000E-01
  5.0000000E-01
  5.0000000E-01
  1.6661830E+00  4.2524716E-01  7.6628404E+00
  1.7507877E+01  7.1505356E-01  8.5896969E+00
  1.2900507E+00  1.1143221E+01  5.5184469E+00
  1.6478556E+01 -4.0552330E+00 -6.4011264E+00
  6.4295397E+00  6.1000290E+00  1.5003272E+00
 -7.2682490E+00  1.4618409E+01  1.0073110E+01
 -1.1219136E+01  5.7619276E+00  1.2217693E+01
  1.3776939E+01 -3.9692905E+00  3.3764408E+00
  6.6015899E-01  1.1215990E-01  9.1644278E+00
  1.9480644E+00  2.0692527E+00  1.4701778E+01
 -1.8357697E-01  3.2479507E-03  3.3477488E-01
 -1.0076736E-01 -2.3598064E-02 -5.8775540E-02
  8.9676725E-03 -1.1488431E-01  2.2943210E-02
 -4.1615214E-02  2.5054431E-02  8.0285825E-02
 -5.3260729E-02 -4.4001464E-02  1.0471231E-01
  5.5176388E-02 -9.2808396E-02 -1.4878334E-02
  1.0044312E-01  1.5977304E-02 -3.0065196E-02
 -3.3479631E-02  8.2796670E-02  2.2141583E-02
  2.7773196E-01  1.6846119E-01 -2.6139849E-01
 -2.9619282E-02 -2.0245211E-02 -1.9974020E-01
 10
 3
  9.0001106E+00
  5.0000000E-01
  5.0000000E-01
  5.0000000E-01
  5.0000000E-01
  5.0000000E-01
  5.0000000E-01
  5.0000000E-01
  5.0000000E-01
  5.0000000E-01
  5.0000000E-01
  1.4250389E+00  4.1596612E-01  8.0931997E+00
  1.7400375E+01  6.8983525E-01  8.5269508E+00
  1.2997330E+00  1.1020466E+01  5.5430298E+00
  1.6434259E+01 -4.0285344E+00 -6.3156443E+00
  6.3726511E+00  6.0533662E+00  1.6120720E+00
 -7.2094769E+00  1.4519433E+01  1.0057294E+01
 -1.1112072E+01  5.7790160E+00  1.2185596E+01
  1.3741398E+01 -3.8810604E+00  3.4002860E+00
  1.0011282E+00  3.0460137E-01  8.8139801E+00
  1.9169489E+00  2.0476899E+00  1.4486876E+01
 -3.3628407E-01 -3.1326663E-02  5.9124321E-01
 -1.1429718E-01 -2.6857544E-02 -6.6756517E-02
  1.0418711E-02 -1.3071978E-01  2.6249709E-02
 -4.6987846E-02  2.8351167E-02  9.0700708E-02
 -6.0557000E-02 -4.9313914E-02  1.1884325E-01
  6.2387932E-02 -1.0519045E-01 -1.6755586E-02
  1.1373019E-01  1.8213602E-02 -3.4149762E-02
 -3.7596289E-02  9.3696520E-02  2.5590539E-02
  4.4172788E-01  2.2602284E-01 -5.0452751E-01
 -3.2541525E-02 -2.2876060E-02 -2.3043808E-01
 10
 3
  1.0000134E+01
  5.0000000E-01
  5.0000000E-01
  5.0000000E-01
  5.0000000E-01
  5.0000000E-01
  5.0000000E-01
  5.0000000E-01
  5.0000000E-01
  5.0000000E-01
  5.0000000E-01
  4.6003583E-01 -3.8850173E-02  8.6317520E+00
  1.7279160E+01  6.6129684E-01  8.4560995E+00
  1.3109412E+00  1.0881588E+01  5.5710034E+00
  1.6384560E+01 -3.9985082E+00 -6.2196789E+00
  6.3083348E+00  6.0014076E+00  1.7381660E+00
 -7.1434364E+00  1.4407933E+01  1.0039598E+01
 -1.0991582E+01  5.7983809E+00  1.2149356E+01
  1.3701759E+01 -3.7818205E+00  3.4277153E+00
  2.0771019E+00  9.6585304E-01  8.3695383E+00
  1.8831133E+00  2.0234985E+00  1.4240094E+01
 -1.3622119E+00 -7.6647401E-01  3.1109032E-01
 -1.2819743E-01 -3.0239142E-02 -7.5002611E-02
  1.2042057E-02 -1.4713751E-01  2.9721746E-02
 -5.2426104E-02  3.1713646E-02  1.0125687E-01
 -6.8129323E-02 -5.4615870E-02  1.3345349E-01
  6.9710881E-02 -1.1786468E-01 -1.8635264E-02
  1.2729603E-01  2.0524019E-02 -3.8353696E-02
 -4.1681487E-02  1.0483145E-01  2.9316075E-02
  1.4786711E+00  9.8475784E-01 -2.0935909E-01
 -3.5073493E-02 -2.5498951E-02 -2.6348752E-01
 10
 3
  1.1000156E+01
  5.0000000E-01
  5.0000000E-01
  5.0000000E-01
  5.0000000E-01
  5.0000000E-01
  5.0000000E-01
  5.0000000E-01
  5.0000000E-01
  5.0000000E-01
  5.0000000E-01
 -8.7082964E-01 -7.8170401E-01  8.9419727E+00
  1.7143808E+01  6.2932932E-01  8.3768339E+00
  1.3239982E+00  1.0725982E+01  5.6025224E+00
  1.6329388E+01 -3.9650750E+00 -6.1130753E+00
  6.2363148E+00  5.9440522E+00  1.8793762E+00
 -7.0700274E+00  1.4283613E+01  1.0020025E+01
 -1.0857386E+01  5.8200521E+00  1.2108850E+01
  1.3658055E+01 -3.6712620E+00  3.4590328E+00
  3.5295961E+00  1.9388101E+00  8.1681576E+00
  1.8470727E+00  1.9969748E+00  1.3959944E+01
 -1.3126755E+00 -7.2743124E-01  3.1132698E-01
 -1.4261381E-01 -3.3701576E-02 -8.3594300E-02
  1.4213305E-02 -1.6416867E-01  3.3340469E-02
 -5.7931110E-02  3.5172358E-02  1.1198196E-01
 -7.5926960E-02 -6.0157768E-02  1.4927104E-01
  7.7119090E-02 -1.3081600E-01 -2.0505529E-02
  1.4113998E-01  2.2797730E-02 -4.2681187E-02
 -4.5711972E-02  1.1637235E-01  3.3384379E-02
  1.4391882E+00  9.6920073E-01 -1.9617082E-01
 -3.6801379E-02 -2.7270401E-02 -2.9635262E-01
 10
 3
  1.2000179E+01
  5.0000000E-01
  5.0000000E-01
  5.0000000E-01
  5.0000000E-01
  5.0000000E-01
  5.0000000E-01
  5.0000000E-01
  5.0000000E-01
  5.0000000E-01
  5.0000000E-01
 -2.1735609E+00 -1.4988986E+00  9.2551994E+00
  1.6993690E+01  5.9390324E-01  8.2887640E+00
  1.3397529E+00  1.0553080E+01  5.6377211E+00
  1.6268679E+01 -3.9281175E+00 -5.9956498E+00
  6.1565547E+00  5.8809481E+00  2.0375478E+00
 -6.9891872E+00  1.4146224E+01  9.9985933E+00
 -1.0709227E+01  5.8439059E+00  1.2063948E+01
  1.3610378E+01 -3.5488603E+00  3.4946294E+00
  4.9629831E+00  2.9089291E+00  7.9739227E+00
  1.8099278E+00  1.9696593E+00  1.3648967E+01
 -1.2942380E+00 -7.0789999E-01  3.1500140E-01
 -1.5776595E-01 -3.7133507E-02 -9.2629217E-02
  1.7533179E-02 -1.8169422E-01  3.7068013E-02
 -6.3492425E-02  3.8765203E-02  1.2290419E-01
 -8.3476201E-02 -6.6113427E-02  1.6761112E-01
  8.4562615E-02 -1.4400104E-01 -2.2353709E-02
  1.5520792E-01  2.4861617E-02 -4.7146417E-02
 -4.9604166E-02  1.2856068E-01  3.7890244E-02
  1.4285915E+00  9.7164088E-01 -1.9374733E-01
 -3.7317500E-02 -2.6987867E-02 -3.2459801E-01
 10
 3
  1.3000202E+01
  5.0000000E-01
  5.0000000E-01
  5.0000000E-01
  5.0000000E-01
  5.0000000E-01
  5.0000000E-01
  5.0000000E-01
  5.0000000E-01
  5.0000000E-01
  5.0000000E-01
 -3.4609973E+00 -2.1986306E+00  9.5715075E+00
  1.6827959E+01  5.5513036E-01  8.1913996E+00
  1.3595980E+00  1.0362563E+01  5.6766515E+00
  1.6202387E+01 -3.8874860E+00 -5.8671918E+00
  6.0698724E+00  5.8118076E+00  2.2158546E+00
 -6.9009070E+00  1.3995543E+01  9.9753304E+00
 -1.0546926E+01  5.8696594E+00  1.2014512E+01
  1.3558943E+01 -3.4138536E+00  3.5349853E+00
  6.3873959E+00  3.8823514E+00  7.7778039E+00
  1.7726680E+00  1.9436837E+00  1.3312800E+01
 -1.2811841E+00 -6.9194067E-01  3.1734991E-01
 -1.7386974E-01 -4.0359084E-02 -1.0222625E-01
  2.2438087E-02 -1.9930212E-01  4.0772889E-02
 -6.9095835E-02  4.2529143E-02  1.3404754E-01
 -8.9455351E-02 -7.2075225E-02  1.8966906E-01
  9.1990218E-02 -1.5739068E-01 -2.4167489E-02
  1.6939944E-01  2.6583618E-02 -5.1747672E-02
 -5.3203031E-02  1.4160880E-01  4.2915966E-02
  1.4201182E+00  9.7500968E-01 -1.9983667E-01
 -3.7137005E-02 -2.4665674E-02 -3.4677693E-01
 10
 3
  1.4000225E+01
  5.0000000E-01
  5.0000000E-01
  5.0000000E-01
  5.0000000E-01
  5.0000000E-01
  5.0000000E-01
  5.0000000E-01
  5.0000000E-01
  5.0000000E-01
  5.0000000E-01
 -4.7367659E+00 -2.8833666E+00  9.8894205E+00
  1.6645580E+01  5.1334155E-01  8.0840855E+00
  1.3851591E+00  1.0154650E+01  5.7191868E+00
  1.6130480E+01 -3.8429916E+00 -5.7274733E+00
  5.9788589E+00  5.7372918E+00  2.4179862E+00
 -6.8052268E+00  1.3831377E+01  9.9502745E+00
 -1.0370437E+01  5.8969440E+00  1.1960419E+01
  1.3504149E+01 -3.2653091E+00  3.5806541E+00
  7.8024750E+00  4.8579926E+00  7.5720701E+00
  1.7357262E+00  1.9208372E+00  1.2957042E+01
 -1.2706881E+00 -6.7777455E-01  3.1827143E-01
 -1.9107679E-01 -4.3113723E-02 -1.1253757E-01
  2.8914727E-02 -2.1639270E-01  4.4236187E-02
 -7.4723519E-02  4.6497293E-02  1.4542910E-01
 -9.1836385E-02 -7.6530576E-02  2.1490142E-01
  9.9355757E-02 -1.7097840E-01 -2.5935540E-02
  1.8356043E-01  2.7924746E-02 -5.6462292E-02
 -5.6275729E-02  1.5565471E-01  4.8522070E-02
  1.4094948E+00  9.7552252E-01 -2.1232738E-01
 -3.6724038E-02 -2.0811519E-02 -3.6409718E-01
 10
 3
  1.5000248E+01
  5.0000000E-01
  5.0000000E-01
  5.0000000E-01
  5.0000000E-01
  5.0000000E-01
  5.0000000E-01
  5.0000000E-01
  5.0000000E-01
  5.0000000E-01
  5.0000000E-01
 -6.0028963E+00 -3.5546017E+00  1.0207726E+01
  1.6445450E+01  4.6916649E-01  7.9660225E+00
  1.4177878E+00  9.9300871E+00  5.7649775E+00
  1.6052938E+01 -3.7944148E+00 -5.5762506E+00
  5.8875561E+00  5.6598368E+00  2.6455173E+00
 -6.7022281E+00  1.3653515E+01  9.9234781E+00
 -1.0179873E+01  5.9254146E+00  1.1901572E+01
  1.3446658E+01 -3.1022038E+00  3.6322389E+00
  9.2053480E+00  5.8315191E+00  7.3527718E+00
  1.6992631E+00  1.9024460E+00  1.2585622E+01
 -1.2617795E+00 -6.6488725E-01  3.1819168E-01
 -2.0934898E-01 -4.5082249E-02 -1.2375708E-01
  3.6465406E-02 -2.3257673E-01  4.7260631E-02
 -8.0356047E-02  5.0696433E-02  1.5705797E-01
 -9.0279214E-02 -7.7798910E-02  2.3972285E-01
  1.0662406E-01 -1.8478380E-01 -2.7647490E-02
  1.9751905E-01  2.8985636E-02 -6.1254736E-02
 -5.8551580E-02  1.7072178E-01  5.4759368E-02
  1.3958828E+00  9.7051805E-01 -2.2597058E-01
 -3.6174599E-02 -1.5796011E-02 -3.7836254E-01
 10
 3
  1.6000271E+01
  5.0000000E-01
  5.0000000E-01
  5.0000000E-01
  5.0000000E-01
  5.0000000E-01
  5.0000000E-01
  5.0000000E-01
  5.0000000E-01
  5.0000000E-01
  5.0000000E-01
 -7.2606435E+00 -4.2135086E+00  1.0525599E+01
  1.6226582E+01  4.2350101E-01  7.8361921E+00
  1.4582416E+00  9.6897659E+00  5.8135362E+00
  1.5969770E+01 -3.7415156E+00 -5.4132767E+00
  5.7986751E+00  5.5826864E+00  2.8961389E+00
 -6.5920172E+00  1.3461721E+01  9.8950005E+00
 -9.9755058E+00  5.9549022E+00  1.1837897E+01
  1.3387391E+01 -2.9235516E+00  3.6904097E+00
  1.0593998E+01  6.7971859E+00  7.1213088E+00
  1.6634487E+00  1.8895792E+00  1.2200862E+01
 -1.2538377E+00 -6.5310806E-01  3.1747216E-01
 -2.2832935E-01 -4.6096534E-02 -1.3611488E-01
  4.4480100E-02 -2.4796611E-01  4.9779598E-02
 -8.5974753E-02  5.5144586E-02  1.6893579E-01
 -8.7583326E-02 -7.6142848E-02  2.6080790E-01
  1.1377341E-01 -1.9885333E-01 -2.9293630E-02
  2.1115918E-01  3.0009411E-02 -6.6098459E-02
 -5.9794541E-02  1.8672976E-01  6.1713606E-02
  1.3815166E+00  9.6005738E-01 -2.3623024E-01
 -3.5409160E-02 -9.7767422E-03 -3.9097160E-01
 10
 3
  1.7000294E+01
  5.0000000E-01
  5.0000000E-01
  5.0000000E-01
  5.0000000E-01
  5.0000000E-01
  5.0000000E-01
  5.0000000E-01
  5.0000000E-01
  5.0000000E-01
  5.0000000E-01
 -8.5107594E+00 -4.8611860E+00  1.0842534E+01
  1.5988640E+01  3.7719330E-01  7.6933312E+00
  1.5067871E+00  9.4342527E+00  5.8643837E+00
  1.5880997E+01 -3.6840403E+00 -5.2382989E+00
  5.7118063E+00  5.5080166E+00  3.1658838E+00
 -6.4747219E+00  1.3255701E+01  9.8649158E+00
 -9.7576609E+00  5.9855294E+00  1.1769356E+01
  1.3327459E+01 -2.7284660E+00  3.7559650E+00
  1.1968782E+01  7.7505488E+00  6.8816748E+00
  1.6285554E+00  1.8832217E+00  1.1803925E+01
 -1.2464671E+00 -6.4243901E-01  3.1634894E-01
 -2.4743395E-01 -4.6474513E-02 -1.4986490E-01
  5.2625492E-02 -2.6306486E-01  5.1848862E-02
 -9.1567293E-02  5.9849873E-02  1.8105902E-01
 -8.6571358E-02 -7.3067933E-02  2.7819309E-01
  1.2079478E-01 -2.1325792E-01 -3.0864226E-02
  2.2448856E-01  3.1318203E-02 -7.0999809E-02
 -5.9850808E-02  2.0357725E-01  6.9571681E-02
  1.3682922E+00  9.4632560E-01 -2.4246086E-01
 -3.4310609E-02 -2.7692660E-03 -4.0283135E-01
 10
 3
  1.8000317E+01
  5.0000000E-01
  5.0000000E-01
  5.0000000E-01
  5.0000000E-01
  5.0000000E-01
  5.0000000E-01
  5.0000000E-01
  5.0000000E-01
  5.0000000E-01
  5.0000000E-01
 -9.7537060E+00 -5.4987688E+00  1.1158214E+01
  1.5731754E+01  3.3045396E-01  7.5358992E+00
  1.5635413E+00  9.1635208E+00  5.9171185E+00
  1.5786647E+01 -3.6217308E+00 -5.0510778E+00
  5.6246181E+00  5.4366922E+00  3.4518249E+00
 -6.3504705E+00  1.3035067E+01  9.8333015E+00
 -9.5265875E+00  6.0177364E+00  1.1695865E+01
  1.3268113E+01 -2.5161223E+00  3.8299699E+00
  1.3330999E+01  8.6895256E+00  6.6373014E+00
  1.5949786E+00  1.8843954E+00  1.1395254E+01
 -1.2394791E+00 -6.3292599E-01  3.1498042E-01
 -2.6630777E-01 -4.7155771E-02 -1.6531485E-01
  6.0928132E-02 -2.7850312E-01  5.3568583E-02
 -9.7131021E-02  6.4811505E-02  1.9342341E-01
 -8.8281028E-02 -6.9544382E-02  2.9346761E-01
  1.2768783E-01 -2.2809093E-01 -3.2348484E-02
  2.3764969E-01  3.3216875E-02 -7.6008700E-02
 -5.8624074E-02  2.2125596E-01  7.8688949E-02
  1.3563129E+00  9.3162692E-01 -2.4594101E-01
 -3.2755405E-02  5.3062309E-03 -4.1451544E-01
 10
 3
  1.9000340E+01
  5.0000000E-01
  5.0000000E-01
  5.0000000E-01
  5.0000000E-01
  5.0000000E-01
  5.0000000E-01
  5.0000000E-01
  5.0000000E-01
  5.0000000E-01
  5.0000000E-01
 -1.0989833E+01 -6.1274238E+00  1.1472451E+01
  1.5456014E+01  2.8237402E-01  7.3619771E+00
  1.6287876E+00  8.8769255E+00  5.9714360E+00
  1.5686743E+01 -3.5543342E+00 -4.8513722E+00
  5.5342894E+00  5.3689871E+00  3.7525666E+00
 -6.2193885E+00  1.2799339E+01  9.8002501E+00
 -9.2823410E+00  6.0522346E+00  1.1617276E+01
  1.3210684E+01 -2.2856190E+00  3.9139593E+00
  1.4681694E+01  9.6140404E+00  6.3903036E+00
  1.5632429E+00  1.8942436E+00  1.0974821E+01
 -1.2328279E+00 -6.2457222E-01  3.1348100E-01
 -2.8525636E-01 -4.9353350E-02 -1.8295367E-01
  6.9671854E-02 -2.9490113E-01  5.5026989E-02
 -1.0267586E-01  7.0023336E-02  2.0602913E-01
 -9.2860222E-02 -6.5833010E-02  3.0796900E-01
  1.3445537E-01 -2.4346831E-01 -3.3732884E-02
  2.5087279E-01  3.5928179E-02 -8.1210122E-02
 -5.5982914E-02  2.3994938E-01  8.9666553E-02
  1.3452057E+00  9.1761184E-01 -2.4786709E-01
 -3.0601446E-02  1.4612261E-02 -4.2640898E-01
 10
 3
  2.0000362E+01
  5.0000000E-01
  5.0000000E-01
  5.0000000E-01
  5.0000000E-01
  5.0000000E-01
  5.0000000E-01
  5.0000000E-01
  5.0000000E-01
  5.0000000E-01
  5.0000000E-01
 -1.2219483E+01 -6.7482815E+00  1.1785161E+01
  1.5160915E+01  2.3087959E-01  7.1689754E+00
  1.7031804E+00  8.5731945E+00  6.0271077E+00
  1.5581293E+01 -3.4816029E+00 -4.6389360E+00
  5.4379106E+00  5.3051128E+00  4.0677857E+00
 -6.0816021E+00  1.2547904E+01  9.7658730E+00
 -9.0247345E+00  6.0899100E+00  1.1533346E+01
  1.3156721E+01 -2.0357366E+00  4.0102472E+00
  1.6021664E+01  1.0525267E+01  6.1418428E+00
  1.5340357E+00  1.9141147E+00  1.0542270E+01
 -1.2265339E+00 -6.1731344E-01  3.1193459E-01
 -3.0521879E-01 -5.4150071E-02 -2.0366909E-01
  7.9308145E-02 -3.1287384E-01  5.6284618E-02
 -1.0822508E-01  7.5478636E-02  2.1888494E-01
 -1.0041871E-01 -6.1854750E-02  3.2253054E-01
  1.4109755E-01 -2.5953034E-01 -3.4998555E-02
  2.6441601E-01  3.9587747E-02 -8.6708926E-02
 -5.1623479E-02  2.6011932E-01  1.0349577E-01
  1.3348622E+00  9.0512919E-01 -2.4895544E-01
 -2.7663238E-02  2.5404504E-02 -4.3879923E-01
