300
0
0.5 -1.91802307044777 5.917205368079534 6.473246844045553 0 0 0
0.5 -18.3179857355493 -1.189181941419619 -5.954039059241834 0 0 0
0.5 4.242764195742178 -7.834977386145144 9.028047901112892 0 0 0
0.5 -14.627319252294775 -10.530373047882717 8.623825873798795 0 0 0
0.5 -9.97708744324784 -4.910242829332357 12.791566865030205 0 0 0
0.5 -3.447582708183161 -10.09268167155964 -4.911510485006076 0 0 0
0.5 9.594295921565147 6.264633180839202 2.046651943469789 0 0 0
0.5 -11.5383483118415 7.75462291146216 -9.714865599835793 0 0 0
0.5 -7.899292262073947 -14.652016418090469 0.9739555333753868 0 0 0
0.5 -8.301305813900639 -6.321091678045197 -2.3805301899016347 0 0 0
0.5 1.7365930542294503 -18.01829163070802 -7.7373190935823635 0 0 0
0.5 1.5224759402411994 9.935490214139104 12.735298237495932 0 0 0
0.5 6.341345134797379 16.107293489327077 -9.294645412393466 0 0 0
0.5 5.6325889572296886 -7.682153156424735 7.267370400442786 0 0 0
0.5 3.817748756653729 -4.299399051960966 10.954667910131056 0 0 0
0.5 -7.723389438830175 6.059687398061583 12.578826072199151 0 0 0
0.5 11.112948992746032 -1.4228818356871975 7.997806908022825 0 0 0
0.5 3.9269353124992246 -16.93885773442089 3.6472033728536464 0 0 0
0.5 2.4692972616088453 8.56166389379902 11.142388740221303 0 0 0
0.5 3.2014905171532835 4.280566591449627 15.267050994304109 0 0 0
0.5 -0.025027328647882378 -5.049858127018537 -7.843555038809542 0 0 0
0.5 2.9617923433919455 8.744592959338965 -8.61222784137769 0 0 0
0.5 1.5694665644953973 8.240123531728987 -9.009987911047242 0 0 0
0.5 1.121422098145545 -16.316108218996256 10.628821099663757 0 0 0
0.5 0.33438233962711206 -2.492665481197473 -13.111390968817458 0 0 0
0.5 -18.25567050777605 -0.3878035916713979 -2.2188601919469604 0 0 0
0.5 -0.03013128909697536 1.3192764272760935 13.67176062361589 0 0 0
0.5 1.3045327443774046 4.480607706514114 -12.525940166974703 0 0 0
0.5 -4.5164608676365745 9.286875612857447 -7.388709598901608 0 0 0
0.5 2.3577922366835056 -8.107000353275144 -1.9250086759149247 0 0 0
0.5 -4.513154984444852 -6.731453811838571 -12.684629598014938 0 0 0
0.5 -16.141213518849206 6.666896353094186 -8.842388074957414 0 0 0
0.5 8.06988440192172 11.228825274041926 -11.018316198072108 0 0 0
0.5 11.961919012568922 -1.2200180522112931 10.433635858986499 0 0 0
0.5 -2.6095130253966516 3.553141004315254 11.603908043853528 0 0 0
0.5 10.094104860375884 0.6141960493252332 -16.702615007787134 0 0 0
0.5 -11.438674402242494 -4.779392975391332 -4.99835099082673 0 0 0
0.5 14.862810878742957 -3.589032619302673 -2.014211164609723 0 0 0
0.5 8.787278157772535 15.583613502361901 2.120610345993684 0 0 0
0.5 3.3010676936062318 -9.19406788358311 -17.120599582712536 0 0 0
0.5 12.610911776305036 4.594700890559858 14.357447290913026 0 0 0
0.5 -5.3680983297841705 -8.138294029271009 11.151599269820494 0 0 0
0.5 -5.376061239220086 13.33236233738162 1.9177263298773377 0 0 0
0.5 12.020845483619103 -0.5483418449710864 3.6416295288691507 0 0 0
0.5 -9.282380096036523 4.376009618265249 -14.031828932571223 0 0 0
0.5 3.094032730103121 6.606865067003914 4.4040426923933955 0 0 0
0.5 -15.863145739603695 6.8479121810810435 -4.640655658663778 0 0 0
0.5 -5.036378941389169 -3.4047025881994473 10.15285660827325 0 0 0
0.5 -9.052263820332906 5.019490058031449 -6.232094244305204 0 0 0
0.5 4.822748995874203 -11.219203202178264 -9.579062933930548 0 0 0
0.5 -2.0463095200075783 4.584126020477733 -1.5155079873683046 0 0 0
0.5 6.250999987824016 10.333496247340387 1.805098428613666 0 0 0
0.5 0.6240997686944931 -8.378866477404808 14.782801057559661 0 0 0
0.5 2.811226811181442 -13.384397964662163 1.4320909268736377 0 0 0
0.5 -16.102515909511098 0.8332884080541703 -4.869353128851183 0 0 0
0.5 -3.8380459622784318 0.14206395616285028 -15.848587671581079 0 0 0
0.5 -1.4510447896216296 4.158296376674563 -8.199725082376931 0 0 0
0.5 -2.7927499382498095 -6.737191671302009 10.006604674653488 0 0 0
0.5 -14.14986852460172 -8.839250463546964 2.194412395974606 0 0 0
0.5 6.704024391399348 -12.724391324109465 -10.235642160998864 0 0 0
0.5 7.022643762536903 -15.947277530537015 -7.521227076568294 0 0 0
0.5 -3.7159597854330073 -2.9246775128351885 -15.172619597756063 0 0 0
0.5 -7.166934990607316 8.168323249926004 12.275732413791978 0 0 0
0.5 8.134793971048488 -11.090712221404011 -8.220772047686417 0 0 0
0.5 15.015705451902424 12.955265359825242 -1.8009189131554586 0 0 0
0.5 7.019674287610454 9.615781920859748 -12.003962502595833 0 0 0
0.5 2.1174776264429496 -12.146440856223602 6.384367979341076 0 0 0
0.5 -2.7452656331166536 1.8700085924099425 -14.891497603019014 0 0 0
0.5 -5.850318753009321 13.548284329319154 8.816538544656899 0 0 0
0.5 -9.841645148464107 -12.50957652251647 5.849943406490861 0 0 0
0.5 -9.377634753927516 -0.32560854774821524 8.860253542634158 0 0 0
0.5 7.617834040469848 -11.413658892092442 9.521783528322254 0 0 0
0.5 8.069594964493936 -3.242612155500689 0.16613103382846023 0 0 0
0.5 -12.465501795342691 9.004705335812766 5.140207371352657 0 0 0
0.5 -15.163903950017081 -12.759023822515918 2.082187673732731 0 0 0
0.5 4.0737284098036115 9.142919845960689 14.42484051954877 0 0 0
0.5 -5.185497286784206 -15.638450783658074 -6.399795793698932 0 0 0
0.5 5.396530954732341 -11.388347041006847 5.637783157824441 0 0 0
0.5 12.688907839028628 12.858172425602985 -1.800177036434871 0 0 0
0.5 11.578278067846426 -3.0258740134481075 -0.3536347971733866 0 0 0
0.5 -1.8398797654959087 -6.625017654615217 16.86705479124141 0 0 0
0.5 8.235219602102964 -1.2668163519617908 5.286649810273185 0 0 0
0.5 -17.7755037723026 2.117515089672007 -3.0720188288244916 0 0 0
0.5 1.5769946438643965 -5.433018231031113 2.421396580673095 0 0 0
0.5 2.222413289680047 -8.242549601518215 -8.200796982825036 0 0 0
0.5 -4.081588062929085 6.304165285839328 7.338219653420409 0 0 0
0.5 3.745977439277888 -4.718601512947496 -6.276515768041959 0 0 0
0.5 -13.776788347511095 12.598329901607084 -3.718042659646677 0 0 0
0.5 7.196530892352804 -14.48936531211659 4.282587256177277 0 0 0
0.5 -1.99089545783972 -10.393285369102625 0.3310723085474475 0 0 0
0.5 -18.0280761851061 -3.500550902765248 -4.341324318703273 0 0 0
0.5 8.75403213544037 13.966817798525408 -4.622215988909043 0 0 0
0.5 -5.293058189419687 2.8020958986549034 -18.63926822338592 0 0 0
0.5 -0.6055960770738537 -6.075536382163765 16.85975645517498 0 0 0
0.5 -12.045407720434936 -14.969319199858731 -0.42151653033318265 0 0 0
0.5 -3.3519052972054526 -3.916792353079594 -10.051731786337765 0 0 0
0.5 2.500832638901168 -1.2420156029406548 -0.7908986729606727 0 0 0
0.5 6.493434906412218 -12.101464758113789 -5.94104594370631 0 0 0
0.5 -9.520144020749044 -12.688389775955168 -11.857554699963732 0 0 0
0.5 5.4384499196564455 -0.8748115571268258 11.185278577695641 0 0 0
0.5 -11.960903300742547 4.653840991231966 -7.226612946336473 0 0 0
0.5 3.717709633755855 -15.07770739501014 -9.640915172241499 0 0 0
0.5 -6.955269749470122 -2.072731540277795 -1.9293589064119048 0 0 0
0.5 -9.151124551046248 11.78125794733363 -5.88614065885604 0 0 0
0.5 10.130013402071835 12.389418421853856 -3.2165342122324847 0 0 0
0.5 2.864878255506137 6.735629955501233 11.919309155207422 0 0 0
0.5 -3.6875687905665333 2.235246573874139 -6.002037599072874 0 0 0
0.5 -19.62793319973443 1.2548653433273576 -2.767580118176727 0 0 0
0.5 5.29794864769536 -5.969434929772935 -6.446086384343345 0 0 0
0.5 1.841737631083438 -9.765258230371947 -0.7200909282601847 0 0 0
0.5 -3.3871228373512086 -16.373431341505484 6.23054586419277 0 0 0
0.5 -9.796859107418062 4.304062641642579 -11.905180055176105 0 0 0
0.5 7.805927313063244 -4.1087066811838175 -16.886864504217584 0 0 0
0.5 -1.5392644000238065 -5.685102066328033 -14.09103543259994 0 0 0
0.5 13.060858801764695 14.188668988108043 -4.158364512933167 0 0 0
0.5 1.452459690851487 5.802660909755498 9.40081133832524 0 0 0
0.5 -0.10926646815919619 9.837517587162141 -14.060364261534447 0 0 0
0.5 -2.9093527808938395 -6.76317258264513 -1.6352291645763213 0 0 0
0.5 10.725849466135614 13.473670531048448 4.164380835760659 0 0 0
0.5 -6.640788667359999 -10.17814157348771 11.421530963859889 0 0 0
0.5 -4.244806532613436 -12.526608965361163 8.978453079998966 0 0 0
0.5 6.985596041005335 -6.442564302070058 -5.205438199515686 0 0 0
0.5 5.602626415250132 -2.2546117864874606 -7.686233768401418 0 0 0
0.5 13.125048747645607 6.974458219172452 2.8153376729356876 0 0 0
0.5 16.39317468929974 -6.8851570737249865 2.4759781063514743 0 0 0
0.5 -12.20050993248904 13.692110060300342 -1.541190390527356 0 0 0
0.5 2.448604377425469 -13.339641785416658 -6.088663547626039 0 0 0
0.5 6.245651690242616 -6.335647797934448 15.767524578108915 0 0 0
0.5 -11.208957930649161 -1.8937728153755196 -13.913380468887098 0 0 0
0.5 4.450306156980985 -4.098531955242545 10.21485773302963 0 0 0
0.5 -6.128074908357292 4.8588276708789095 -2.5277388948062978 0 0 0
0.5 -16.63734244019943 3.849807076750086 -2.734597921889346 0 0 0
0.5 -9.886289352227038 -1.489028593539762 -9.643270406073432 0 0 0
0.5 12.347815733998598 -9.75352448704372 -6.853879146764849 0 0 0
0.5 10.29721839774498 -0.6638151053079505 4.817832592542108 0 0 0
0.5 7.815885090485754 -7.179991933101366 -12.277649666906333 0 0 0
0.5 -16.501608370809727 -9.79142050846101 4.949218630847619 0 0 0
0.5 2.7558877137172795 19.449456174741073 0.8276959053756577 0 0 0
0.5 -14.392909235435399 -5.769049808167824 0.30206693654346223 0 0 0
0.5 7.30746956092125 3.488955585043437 16.731467360140215 0 0 0
0.5 10.663598747148747 11.01479161985867 -9.214794472986451 0 0 0
0.5 -10.075515124526433 -3.9166355416626333 11.434658993095635 0 0 0
0.5 3.2169150814637817 2.0421892549225866 16.793580478519047 0 0 0
0.5 -10.256706103661621 -6.206708330206423 2.879239660415883 0 0 0
0.5 -6.924893452109559 9.850102328557648 -4.492542373286355 0 0 0
0.5 -0.09760902460023789 4.167301423030883 -5.532676986499618 0 0 0
0.5 -4.882382567096831 -4.324453366002356 6.9738769256574145 0 0 0
0.5 -11.291573746167249 3.470565015883702 -15.114817296361638 0 0 0
0.5 12.15691941152378 8.24601682020293 5.343804124985817 0 0 0
0.5 10.650104821270723 12.550121072342005 -5.736875242903605 0 0 0
0.5 8.759215371899495 1.529278525300686 -4.968911811988152 0 0 0
0.5 5.66710790606578 14.446523131310485 -8.567081689187175 0 0 0
0.5 6.747408622869071 1.2263396818872523 -7.963963031800038 0 0 0
0.5 11.694712609188295 4.961952988338112 -5.863262878305441 0 0 0
0.5 -4.627000517568539 6.962924326268519 -1.506672144392127 0 0 0
0.5 -0.3344570771335755 7.737351357421977 17.93614538657596 0 0 0
0.5 3.3492529110511207 -8.25492733369085 3.9717676372584094 0 0 0
0.5 -3.9477506988417894 13.292954223820498 11.906184716444978 0 0 0
0.5 -11.46079666462857 8.731421180309178 -6.897589797082748 0 0 0
0.5 4.026116153744284 -14.861535049226026 2.928966833943293 0 0 0
0.5 7.308505027489247 11.03304308053792 9.29824636326282 0 0 0
0.5 7.267805903545663 14.547645712949501 -10.522000490193482 0 0 0
0.5 -9.715465110033168 -3.8178405213789355 13.351507765779148 0 0 0
0.5 10.874120036716622 5.040654525215091 2.974380041355479 0 0 0
0.5 -2.59409634100366 6.296574181517369 4.379709991246896 0 0 0
0.5 7.171276536667283 -5.0753323493805444 -3.0257562758599836 0 0 0
0.5 -11.447492654358204 -1.702003418848799 -14.272154660307315 0 0 0
0.5 13.67613205886797 -5.10485280191532 4.149800921841074 0 0 0
0.5 -15.219628654444437 -8.760004343343084 -7.099376564840634 0 0 0
0.5 10.349924871791707 13.704874939209619 -7.381414303433674 0 0 0
0.5 -15.52430845933194 -5.816289897858113 0.6975086822302937 0 0 0
0.5 13.725758321355148 13.664795477077355 -1.8859153645320026 0 0 0
0.5 -10.511103131132039 -0.5807652994933139 12.017933285776238 0 0 0
0.5 -7.873062533498642 6.97775020844619 9.279546784780036 0 0 0
0.5 12.550541698333756 -8.419631522084119 -9.86999518129577 0 0 0
0.5 -2.3004276834713355 -15.936127975504753 -2.746027444589153 0 0 0
0.5 -5.470050674114539 -5.1731869240931845 17.06226518778635 0 0 0
0.5 -3.8250547856787205 9.834880166800346 -15.418591868542338 0 0 0
0.5 8.269249959340327 -17.581484857921335 -3.87319201402195 0 0 0
0.5 -5.330216109352323 7.00805733880533 11.148989276505505 0 0 0
0.5 -4.544089377479327 -12.642418078181706 1.8847833880140266 0 0 0
0.5 1.9095467763838008 -18.109174236604677 -2.449746025848849 0 0 0
0.5 -7.1846990772365515 -9.934492147707772 -2.0987578872299126 0 0 0
0.5 6.450123153057069 -15.402276472760827 3.1325958526962063 0 0 0
0.5 4.429950350688129 13.531492260147155 7.420080943045519 0 0 0
0.5 -3.093196659178105 2.711219056049041 -10.634993491454606 0 0 0
0.5 10.351203333846195 -1.3562233555638217 9.942008209879615 0 0 0
0.5 1.2973917947401132 6.230435097476373 -2.2998557091032854 0 0 0
0.5 7.9708363917001215 8.733554044074944 4.150787810084833 0 0 0
0.5 6.595377556794118 12.338983537971767 9.732110931376623 0 0 0
0.5 -9.73653946195394 10.728280786557896 7.209490336399929 0 0 0
0.5 -9.178128073478456 8.357545950392964 -3.331074668451295 0 0 0
0.5 -16.762135965197825 8.494694851563345 1.8801582152790732 0 0 0
0.5 -13.931853775418766 9.091164834408199 5.85142028086204 0 0 0
0.5 1.4353679463151847 16.515808714135407 -5.227729532769914 0 0 0
0.5 11.540727977166082 -1.641055114241031 13.249004002411318 0 0 0
0.5 -4.356046413302476 -16.42637797490725 -5.034753240930505 0 0 0
0.5 -5.132468023576284 -1.8086574103335211 -12.471742073721316 0 0 0
0.5 1.7305705388188233 -11.65675933884084 10.481465131233318 0 0 0
0.5 4.767509480921184 15.193685255563043 -6.540458927945364 0 0 0
0.5 9.257327766970672 -6.497914389418665 -4.286147103104405 0 0 0
0.5 1.371974143728663 -12.59339031043453 11.985460191363602 0 0 0
0.5 3.4224421934341525 -12.614336194027079 -6.2939733118309285 0 0 0
0.5 -5.2595538424482084 -3.0453225379234006 -4.771963403796803 0 0 0
0.5 -2.295618711655291 -2.158044115690864 1.5170841723676172 0 0 0
0.5 6.053785025860868 -5.594165610154052 13.47064901698042 0 0 0
0.5 12.91933796695107 13.246312321302506 -3.8002485030580555 0 0 0
0.5 -7.145533797653232 -5.688879933768385 -15.721387929227502 0 0 0
0.5 -6.122575186004055 10.459151773184976 3.5460857813068416 0 0 0
0.5 3.336858854417395 4.916253637027797 10.375091287589477 0 0 0
0.5 8.109038026404958 -10.50822107349797 4.977431327968824 0 0 0
0.5 3.5284662190009044 15.908048952259037 3.738071335009526 0 0 0
0.5 -12.312744661225235 -8.967636843768704 6.713114774079906 0 0 0
0.5 4.045193663567612 17.668577492502358 -6.934764819972469 0 0 0
0.5 7.658404737567049 5.800416478720291 -13.832761711040348 0 0 0
0.5 10.365965845834417 5.738769984779958 3.726068394191728 0 0 0
0.5 -12.934009807617436 -2.3672138002427503 0.3135194753168582 0 0 0
0.5 6.018273981268601 -7.2535793567597935 1.037353312496864 0 0 0
0.5 -8.574350035885253 8.532569490435945 13.25208095113436 0 0 0
0.5 -6.311944514117226 -12.035002797516498 6.360756995079443 0 0 0
0.5 12.719939493948285 -13.33787964310152 1.0705184411819748 0 0 0
0.5 -0.3132436296739846 8.211340589250609 12.062613204573324 0 0 0
0.5 4.152811535790786 -10.5431339825383 5.587166078049332 0 0 0
0.5 1.8360437643476826 -10.858383119219766 14.47120733061323 0 0 0
0.5 2.689728950093271 -10.592000923567856 7.115034695060845 0 0 0
0.5 7.667366294554409 -6.093999592905276 -0.4251001774049588 0 0 0
0.5 -8.72320457109781 -6.754212290164538 6.049452391694488 0 0 0
0.5 -11.216376181687385 5.9801745301015865 -9.100625573084134 0 0 0
0.5 13.507957324451208 8.71135077805093 0.7418798178990753 0 0 0
0.5 2.0372710476771974 -8.80410131188995 8.278430474511879 0 0 0
0.5 -3.1727446077493013 -5.223759723423624 -14.76700717003309 0 0 0
0.5 9.467144417784398 8.845415336933485 -11.232085887055216 0 0 0
0.5 -8.515698374195377 -5.37367709473297 -6.452306196965786 0 0 0
0.5 -16.8597267493231 -4.011711423089396 0.05846255317714758 0 0 0
0.5 0.24223902668063121 5.544521957040722 -15.40677539868917 0 0 0
0.5 -1.5968140613524444 -6.58556787149546 -17.62573632944994 0 0 0
0.5 -4.726793246658691 12.076078877810017 -10.53451729886102 0 0 0
0.5 4.805673066984891 10.144521276985778 11.79580783372703 0 0 0
0.5 -5.421274747743069 -11.735764336789202 -14.27584259189333 0 0 0
0.5 9.748864735943522 12.779218976960232 8.22153949014916 0 0 0
0.5 -0.48286466622221424 -8.28947493798556 -0.7280564847964637 0 0 0
0.5 17.333131199565113 -6.145182324915833 -7.510262327188015 0 0 0
0.5 -1.8916051288291253 6.029387611034731 -13.40300422577243 0 0 0
0.5 -0.5371073546590442 -11.75520778698526 -2.0517011241342176 0 0 0
0.5 -9.836841481077732 -1.3196968017438209 10.433874998354131 0 0 0
0.5 -1.3380518675774962 -1.7477785028141102 -12.177203850968802 0 0 0
0.5 -15.619920149414405 4.223639721894 -7.319965108874432 0 0 0
0.5 4.113338512954088 -2.1454515617908787 5.249978415813956 0 0 0
0.5 -14.890502363082213 1.456878777208357 -6.189377307762245 0 0 0
0.5 5.280718707172808 -10.857032072432403 5.083253797877614 0 0 0
0.5 -11.858897964182201 -8.469608714135717 3.7610990825804915 0 0 0
0.5 -12.122976189707114 -8.69203050469603 3.6482781935105617 0 0 0
0.5 -7.421375087232141 -15.556217056581344 5.862147291327874 0 0 0
0.5 -6.564122306978682 4.7118883077983655 -4.571577735060458 0 0 0
0.5 -1.1103525814672637 14.204888740047453 -13.77602119772236 0 0 0
0.5 -10.658935205209666 10.070875177713303 -1.7967281458689008 0 0 0
0.5 -8.83992623351746 11.216980144970671 -6.334783989544792 0 0 0
0.5 13.516928113295213 -7.934766144601752 2.4692992247780574 0 0 0
0.5 -3.5975180934161166 18.87436267258576 1.955585609763544 0 0 0
0.5 9.009409954086534 -5.026508671839982 -15.01978285169148 0 0 0
0.5 2.368011969940905 -11.572699560688323 -0.3745851811945524 0 0 0
0.5 1.8484444594804141 14.499427119727054 1.6581222907638253 0 0 0
0.5 -7.331848069951903 -12.54142458510669 4.859690292120455 0 0 0
0.5 -10.908942844380075 -6.325638438650716 -10.44356232656586 0 0 0
0.5 -1.6565321495896872 -11.13218248077647 6.328718457290564 0 0 0
0.5 -9.694073364987629 -15.463613056167816 -0.33865227284500227 0 0 0
0.5 2.301102058366615 -2.0802864228934665 13.433993702660432 0 0 0
0.5 -8.916390482468108 8.47150476877865 15.531724489123494 0 0 0
0.5 -0.7176001350148649 -14.70254725594921 -11.722788996284576 0 0 0
0.5 3.9829688794168465 -11.412682547633151 -14.240622766143154 0 0 0
0.5 -3.945469406613841 4.117100068383653 -8.390605371792415 0 0 0
0.5 -5.826589520903127 0.01631366057837928 -2.7961544800526985 0 0 0
0.5 6.466654717491187 6.662638786727432 -2.5980060023177827 0 0 0
0.5 -13.861017494937398 -3.7681496663903054 -12.786235234256555 0 0 0
0.5 10.042024733224048 -13.686520730692651 -1.9752642981967214 0 0 0
0.5 16.56805589625829 7.301699639184634 0.7052727351396059 0 0 0
0.5 -6.8973680142661875 2.0677608222731254 -2.263873717998085 0 0 0
0.5 -5.0380554705105 -12.395234793051571 13.214153088983155 0 0 0
0.5 -13.781130345323097 -5.174218919343767 4.22214970472281 0 0 0
0.5 0.22477847663236394 18.69796652764755 -4.362526126175106 0 0 0
0.5 1.0824935214551652 -7.26934037682117 4.271197037885137 0 0 0
0.5 13.006259500547054 11.538513067830657 1.148772476061251 0 0 0
0.5 -9.800471922162616 -4.895833916732985 -12.031907149623317 0 0 0
0.5 9.646612172884872 10.801105058493699 -8.167535477326664 0 0 0
0.5 -9.325177999794974 4.196778319148074 9.970055635357683 0 0 0
0.5 -2.708531209512435 2.8608860571214914 4.3769414452628235 0 0 0
0.5 6.881042353898159 2.288259551588166 -3.9001783747457597 0 0 0
0.5 -0.2725223709585633 17.292581396025447 9.76539055073115 0 0 0
0.5 7.964452013423489 -0.783566877326366 -4.446043451868131 0 0 0
0.5 2.228470011803913 -1.1488208540267895 4.009994301652208 0 0 0
0.5 -4.511373300672391 -15.607410118067206 -1.481785724529083 0 0 0
0.5 17.08680367417399 -7.490677591307613 -2.5274439483442 0 0 0
0.5 11.401656681860462 7.419282650207331 -9.644226611281965 0 0 0
0.5 -4.023581777362521 -10.312030405371528 -0.43248845537800634 0 0 0
0.5 -14.657905722498349 -1.0999045693266134 -1.53666884293575 0 0 0
0.5 -13.97369020740485 -9.348617175340946 0.31960819546840413 0 0 0
0.5 14.619392554874297 4.726903900832241 -2.7332883861007895 0 0 0
0.5 -6.691908790157165 -1.7563007400124668 -15.798608981042639 0 0 0
0.5 4.289106526965586 2.996254275463821 7.436689479081285 0 0 0
0.5 -1.9478564061432708 -10.080177014749324 -2.485510370061895 0 0 0
