300
0
0.5 7.496882445065819 7.7241799671535745 6.6534419167068055 0 0 0
0.5 12.892655779893516 -13.754163024121743 3.717622734189723 0 0 0
0.5 3.039874422798411 -2.2234425859240834 13.222913447400979 0 0 0
0.5 18.77313899355915 -0.7663310266394973 4.968033330510414 0 0 0
0.5 1.851601373102332 5.174188410125244 -10.691957426822729 0 0 0
0.5 -17.02567934756865 5.7458980131237825 8.620643196203055 0 0 0
0.5 -2.0731845037718304 4.015446665220113 12.252538473152399 0 0 0
0.5 -11.987554228894679 -9.730467920029918 -0.43912404556036844 0 0 0
0.5 -0.7053977404687165 10.485117198125176 7.517172603837504 0 0 0
0.5 -5.020350875589427 1.4915695176897292 19.098389843794525 0 0 0
0.5 -7.822030527605744 6.193781168592261 -15.919509182123823 0 0 0
0.5 7.899038598084141 17.19932247626893 -5.444679388778617 0 0 0
0.5 4.799200081160672 3.5921252727794255 -13.355869321089546 0 0 0
0.5 10.397781575021476 -6.399108022186818 8.899049638623504 0 0 0
0.5 -15.275765169600922 -8.310860271427584 -3.2828135918019243 0 0 0
0.5 -1.8011664052962941 -1.8839763306642232 -8.34569200159326 0 0 0
0.5 -0.25496371727737527 5.235730197390539 -14.00245782967341 0 0 0
0.5 -10.909373723034326 15.537241778592144 -2.444106871894481 0 0 0
0.5 -4.881909427011014 -5.018076276784625 18.347358161339933 0 0 0
0.5 1.1004937644565784 -14.47261539161337 -2.5050897388866575 0 0 0
0.5 2.794066322924144 5.128963741842704 7.7357129963588935 0 0 0
0.5 -9.121689070170085 -10.491741445514768 11.171948955992724 0 0 0
0.5 -18.68362066030974 -3.507720070956954 3.5873229637786617 0 0 0
0.5 7.9595328257026825 -8.235119961347296 -16.107004095597595 0 0 0
0.5 6.444106266779764 3.4107191048058376 6.255967528672299 0 0 0
0.5 5.704852601892175 8.442111259966065 9.241941901696588 0 0 0
0.5 8.163574885528387 9.818840038578244 -0.36836048140095773 0 0 0
0.5 -2.6705651612444536 6.797407964265493 11.829379354372438 0 0 0
0.5 -6.5881115438337705 -3.2448881363509545 -12.174887226997422 0 0 0
0.5 -0.17191840575423142 -4.87002974758853 -10.766363980331061 0 0 0
0.5 9.569862828983052 -8.954889473697042 -12.621975735757673 0 0 0
0.5 -8.014593179463917 -11.333787013896037 -4.82403734340066 0 0 0
0.5 7.160001885286929 4.12664357819484 11.483347127050028 0 0 0
0.5 -8.41013105184012 1.2237399720009174 8.194484668183218 0 0 0
0.5 4.273652876063126 -11.30251747754464 15.103048634714403 0 0 0
0.5 5.209708545818456 -8.284432542015619 8.623687489009008 0 0 0
0.5 -1.6429135001506374 2.9861775071817176 18.23561658147057 0 0 0
0.5 -0.8749909806099466 7.084963553130458 13.58036403545238 0 0 0
0.5 -7.522836776344678 -8.613457146628994 5.425402170061186 0 0 0
0.5 -14.247938640781083 5.165210778136094 -11.508619840399374 0 0 0
0.5 -9.428464866961484 11.219745395347744 -3.4485438348385213 0 0 0
0.5 -2.36765052468776 -4.579509005708806 14.249399779618958 0 0 0
0.5 3.6252059807530226 -16.880871675120787 8.073552052786118 0 0 0
0.5 2.2773585683660618 -11.272011251955272 -9.988262107969996 0 0 0
0.5 -2.7222737351515742 -0.6817966829495963 18.518737729710185 0 0 0
0.5 7.012615794476072 6.013830814032258 -0.6792892219912205 0 0 0
0.5 8.246022067184319 2.793806595224283 1.8923352425184212 0 0 0
0.5 -4.680065178710127 -13.607124393419923 -6.516213166555846 0 0 0
0.5 1.5255288838746268 -6.320658585005439 -15.26027073638269 0 0 0
0.5 -0.9797690952543143 1.299410185279491 13.720701641791862 0 0 0
0.5 6.179057401756595 2.857420284572578 18.057588451364573 0 0 0
0.5 12.721112305735883 -8.984081657023518 -7.9755819837255295 0 0 0
0.5 5.701524262144046 9.99159612748427 -3.402059039093924 0 0 0
0.5 -17.848479814025147 5.32908865368176 0.11809622923881519 0 0 0
0.5 -8.7283772659347 8.972196590894749 -6.865578556638534 0 0 0
0.5 3.64131578985768 0.3693024895959764 18.96726248910463 0 0 0
0.5 -5.416736446246132 3.219315964462504 15.917659053670667 0 0 0
0.5 10.351521509214495 3.972597142552914 3.336069745362304 0 0 0
0.5 15.530345070184335 -4.203762342453589 -0.06388989234642604 0 0 0
0.5 -6.4612576027315285 12.866394591792908 3.8116401458673974 0 0 0
0.5 5.494383021330069 6.17242592141634 -16.00659924124531 0 0 0
0.5 -0.4554189213493906 0.8084177001011266 -16.179572839343045 0 0 0
0.5 10.07436579150183 0.3718220066115863 3.9153416238791805 0 0 0
0.5 -0.17292635556540722 5.103604451616426 -16.54863349082271 0 0 0
0.5 -0.8054491159537058 -2.5862625362012386 17.765559229537917 0 0 0
0.5 -9.962432167345332 -7.857380648916937 1.9344924699808013 0 0 0
0.5 4.910041908303681 -6.570481504175537 -7.458267632916578 0 0 0
0.5 -15.55105927937176 -4.237533147689269 -4.300408866242046 0 0 0
0.5 0.9290494142294171 6.245924612508658 -18.765838824356944 0 0 0
0.5 -2.5327296653394846 10.258609329687026 10.588234155027585 0 0 0
0.5 -7.994394008050941 14.26551218589158 9.102768742278966 0 0 0
0.5 -1.0072790046159141 12.071618884513867 2.1890871374518324 0 0 0
0.5 7.9309896087961915 10.783604992545577 -1.9887173774708238 0 0 0
0.5 -14.63702777821759 10.950374401444913 -0.6135613205752586 0 0 0
0.5 7.418161907462447 -11.962132649764118 -13.95767676683153 0 0 0
0.5 9.730897948379774 -3.0647992043801446 9.549197247437123 0 0 0
0.5 8.326722415512128 14.648699590512427 -9.054266365086972 0 0 0
0.5 -10.62468357743087 -8.341628118354457 4.744528989186311 0 0 0
0.5 0.49986238519670556 0.015268795803147715 -17.665911892681386 0 0 0
0.5 -0.8477683599271713 -2.21747783135493 6.9538122809582585 0 0 0
0.5 -9.566889760186198 7.300620300417246 10.66776259638597 0 0 0
0.5 5.671425676769738 1.410697651820514 5.1228020995194505 0 0 0
0.5 -17.26065261100432 8.544124103951418 1.565761079449935 0 0 0
0.5 3.7221513795527295 -2.656090130046239 -16.996601410395876 0 0 0
0.5 6.1651324253179425 -5.574243356674913 -2.122935391600261 0 0 0
0.5 8.08710721449122 10.615551171672044 -2.8283328419188294 0 0 0
0.5 -1.2679986860452255 6.036368222977296 14.870741293682835 0 0 0
0.5 -3.111109538008327 -1.2231387285798336 17.194141230028414 0 0 0
0.5 -7.346358867511073 3.4694003185324007 16.872476595088358 0 0 0
0.5 -1.8186460223145697 -5.663143122384665 1.6767163736857054 0 0 0
0.5 -2.2511412988417 15.185433823856439 -11.783565904503703 0 0 0
0.5 -2.030890215417986 -7.758889823280227 -11.520233722342748 0 0 0
0.5 -8.347578395304971 5.824913291759543 0.799772106639604 0 0 0
0.5 -10.260302356141494 9.130219513966589 0.4887642734846828 0 0 0
0.5 -5.385935592636533 -6.344581582398788 3.518797879827247 0 0 0
0.5 -6.820842868242645 -3.701412554115588 -9.090670168364177 0 0 0
0.5 2.8400479787389266 -14.630442868856777 11.734458680311848 0 0 0
0.5 -0.39463737065420224 18.526188524610205 4.318109167505068 0 0 0
0.5 -1.6310085564856405 10.360805193198537 4.404270036396603 0 0 0
0.5 -0.22048691885299074 -0.0515729591847071 5.457687591298959 0 0 0
0.5 -8.637825299512938 -6.220681856306836 -12.461030426063282 0 0 0
0.5 5.98743595984998 8.07938047830197 -17.063098857280114 0 0 0
0.5 -2.4625298564075906 5.520424526909712 3.8596383945637056 0 0 0
0.5 -2.330672040746221 6.894901276238535 -8.362865684290728 0 0 0
0.5 -10.542449464751648 13.595172554566663 0.13780312240289794 0 0 0
0.5 -1.5183012909693374 13.41480137370925 8.886226852537442 0 0 0
0.5 1.8170769215144105 -9.475756263943824 -11.863319551276973 0 0 0
0.5 -0.33603453293377245 12.146144266510092 -10.26321489638796 0 0 0
0.5 -3.027057490034017 2.3408571465729486 -8.315173706343232 0 0 0
0.5 1.2456326754739904 -0.38213031189747987 -12.493759342880901 0 0 0
0.5 -16.802698733617447 -2.3837880242610634 -6.765938684614068 0 0 0
0.5 2.4564159346131405 -1.782638775363064 14.260548753360744 0 0 0
0.5 1.354702787489182 -2.7835324364598857 -16.38439094905356 0 0 0
0.5 1.5434876943023041 5.566967319197734 1.8305024579636273 0 0 0
0.5 -4.432566832559468 -4.5423989047385716 -10.64313923651475 0 0 0
0.5 3.6079796532494237 11.450574400416222 -5.964306717846686 0 0 0
0.5 10.54645125779768 -9.01135398335455 12.762827790967613 0 0 0
0.5 -5.569579440590817 6.507803341496523 -0.3018236592904984 0 0 0
0.5 -8.77127531270616 0.32625360922576807 -7.40463319142373 0 0 0
0.5 -1.3250107799277613 0.7690106787846048 16.753129715454673 0 0 0
0.5 -1.526802378551288 -0.7159303660994583 17.575287713879153 0 0 0
0.5 -1.7337227241333706 -14.075798282903682 -0.6492343943173655 0 0 0
0.5 13.538458743969482 4.022130087354779 -14.115483547830145 0 0 0
0.5 -7.808850136046118 -2.9845836830679064 9.734378330164486 0 0 0
0.5 -5.614085495206507 -2.0576140568647787 14.081441554483131 0 0 0
0.5 -3.19735905698916 7.703300265997387 -0.5096950148012152 0 0 0
0.5 -4.934077664018332 -5.816062868253495 -16.242614608782954 0 0 0
0.5 -15.3058944095796 -4.899213629577545 1.8679546877088316 0 0 0
0.5 -6.72107970355944 0.3683440442278139 8.26512322047668 0 0 0
0.5 -14.941691666127868 11.563165922879014 2.2673400655099325 0 0 0
0.5 8.236036724609152 -1.9222513975135822 -9.691781651165305 0 0 0
0.5 1.510101588028694 1.4473953965817667 -16.47333614105168 0 0 0
0.5 -12.74437783185199 -14.237573623100241 4.256087285691917 0 0 0
0.5 -6.760986369166666 -10.83464841713376 -11.149080714625306 0 0 0
0.5 -7.647871188422613 -0.883916750053333 10.85094420661924 0 0 0
0.5 -7.309183589532004 4.770910456959597 -11.834552770816915 0 0 0
0.5 12.247683118647915 -13.110331163357563 6.746491136115817 0 0 0
0.5 8.217860228793898 -15.456181939824393 -5.805688552534559 0 0 0
0.5 1.3028922708595736 2.6984036215316562 14.66638984269297 0 0 0
0.5 19.597721753624068 -0.3141149552160021 -3.9767056574011024 0 0 0
0.5 0.6327934533985494 16.56879244162426 -1.8109453807648481 0 0 0
0.5 -2.050209552829444 -2.307165842984642 -9.309839110919052 0 0 0
0.5 9.036539071047255 -13.116966527788575 5.777796001319207 0 0 0
0.5 -0.9730502332267252 -0.8571420687272158 -18.3708166846644 0 0 0
0.5 -6.40713674134541 -16.32838548979672 5.637738773397407 0 0 0
0.5 9.474367810544823 10.827836795161215 -7.170569063513258 0 0 0
0.5 -3.913300689990037 -14.861101214555049 12.339805759652876 0 0 0
0.5 3.9395640608814086 -0.5152622238439752 -18.842016325982378 0 0 0
0.5 -3.9592789457007345 4.022563009151618 -9.901504103100487 0 0 0
0.5 -19.01847387132765 4.374449620075758 2.0632797849282003 0 0 0
0.5 4.43884700685143 -1.1357147367183542 -10.671715294162231 0 0 0
0.5 3.368387766474927 -5.656771071282673 17.728928292488835 0 0 0
0.5 -4.95219984546657 18.59072519122434 -2.5139497409474174 0 0 0
0.5 3.2450969710820905 9.02835202397685 0.6385586598327809 0 0 0
0.5 6.599329787351251 -9.680931007781458 -2.717327301593776 0 0 0
0.5 -0.6817846740353871 -0.21065890773473211 13.529699670214548 0 0 0
0.5 -9.480438416655558 15.42341024461136 -5.3764457822674325 0 0 0
0.5 -13.3329313354631 0.8895672362002275 -11.519726573029589 0 0 0
0.5 5.222046264947742 -9.644434721010198 -2.735707843503675 0 0 0
0.5 -3.780771349180909 5.90149962099968 -13.596985107873461 0 0 0
0.5 -2.2342242278978595 -17.461446372343282 9.104706585348076 0 0 0
0.5 15.489270029907543 -3.540611997838667 11.620710912073442 0 0 0
0.5 -9.601341122558173 9.293237040413377 0.4147244475569872 0 0 0
0.5 -5.2852206891209494 11.990061729103127 -7.4264987178244874 0 0 0
0.5 -7.510450000828768 -11.939709091477319 4.099355465482562 0 0 0
0.5 -10.95247182061713 1.539353643107498 -13.532678202966721 0 0 0
0.5 2.5849934831557615 -5.713557496233733 9.633307883639013 0 0 0
0.5 -4.078269915973024 5.327383683850796 -2.966541917125572 0 0 0
0.5 0.5867175809705076 0.14231848414848958 14.960132188756628 0 0 0
0.5 -2.3560632684596436 0.975599271936951 6.964383369304599 0 0 0
0.5 -4.04483018030493 -0.4942421709050383 17.146978731501264 0 0 0
0.5 2.8538007254191498 -10.545168104470065 7.023958328843489 0 0 0
0.5 -0.31944451957916603 -11.148297599596946 15.922666505167324 0 0 0
0.5 -0.06518597315507793 1.5191535991150855 2.1316764059667754 0 0 0
0.5 -11.590209343530434 -5.393459658330385 9.34927951610386 0 0 0
0.5 -3.3217266487148027 -19.475746713335514 -1.3267136111061975 0 0 0
0.5 1.785127912475039 -0.7084902151075076 -5.753857947308659 0 0 0
0.5 3.8818703216200725 -3.5901965427559146 2.3163231353764338 0 0 0
0.5 1.3580368889572163 -15.481362657731735 -3.6410547000415914 0 0 0
0.5 4.555425351186484 1.8850317040632814 1.5532387126388685 0 0 0
0.5 8.995340192460741 -5.97859740359298 -14.638899167072084 0 0 0
0.5 -9.102520198363706 14.33946380962964 3.6548171791979036 0 0 0
0.5 -0.32334301715739133 1.8315484025133244 -6.904899311847158 0 0 0
0.5 14.375313184281728 4.9814879868605795 -3.3293086325191523 0 0 0
0.5 -6.30569383942783 1.6442946062886188 -17.716598737322467 0 0 0
0.5 7.104960088152621 -2.758324993844675 12.708028929693683 0 0 0
0.5 9.463947340713808 -2.9715722173572887 -10.81496115331895 0 0 0
0.5 1.2164447951512067 -3.063714699701762 11.432893560116648 0 0 0
0.5 -5.515947571303192 -7.624764512868401 -11.438753063637243 0 0 0
0.5 3.47691425533385 -14.491843507572217 0.3138871200489783 0 0 0
0.5 -8.96342895117583 0.09390460519752139 3.266595210714114 0 0 0
0.5 3.616829109931474 -2.9260312635816623 14.439875385112968 0 0 0
0.5 12.389126481516184 4.475815324279834 -10.584655528243319 0 0 0
0.5 2.5009858737827293 -4.036946867563398 13.20762499235242 0 0 0
0.5 -2.1808698553299597 -16.901552228200025 -9.375827044414951 0 0 0
0.5 -9.668417190192702 4.4185219085088026 7.626346764958916 0 0 0
0.5 -7.956398408178187 8.222123611546285 -3.792154827925735 0 0 0
0.5 -4.16839452171459 -2.495691429352271 -11.499657070282684 0 0 0
0.5 4.032774246289575 -18.94844345032903 3.321108066815271 0 0 0
0.5 -2.769014024650798 -12.710207249966412 4.487363814769682 0 0 0
0.5 8.157066813720787 4.411268756084191 17.503962117815597 0 0 0
0.5 3.9418563006442495 7.618802373687937 12.380745551561873 0 0 0
0.5 2.640941795610385 19.4327305047572 -2.6689059758212617 0 0 0
0.5 5.829812474501021 5.519094011218985 16.104314202402072 0 0 0
0.5 -17.261272231794344 -6.423134657922768 -0.16036988577218658 0 0 0
0.5 0.3884084921236054 -0.969261887088475 1.8676478901491307 0 0 0
0.5 -11.594821878060467 5.61167850158454 -12.819280311093854 0 0 0
0.5 -15.107652007777363 -10.63153331444989 0.37205529871500503 0 0 0
0.5 11.299944134552923 -7.8472417123574445 -1.0173979213259652 0 0 0
0.5 2.894641395151139 -0.6032482455324666 -18.218028669249897 0 0 0
0.5 -7.549705200151282 -15.573364149173283 -2.278870543651195 0 0 0
0.5 1.8395022400651413 -2.853370050045488 -16.562666840045477 0 0 0
0.5 -2.558224286215612 -0.06298994079185147 12.337133344799515 0 0 0
0.5 -8.726362488400111 12.933824131708505 -11.925131907691673 0 0 0
0.5 -0.08790636127108056 -0.11322867629591658 -9.764499178650913 0 0 0
0.5 -5.220626988701479 -8.51803293961594 6.926508934047908 0 0 0
0.5 10.734345979684502 -4.833512566486263 13.359212637337336 0 0 0
0.5 16.30578249853518 -1.1249200077361738 -9.25423216984351 0 0 0
0.5 -5.845772882968364 -0.17243022887909412 13.804810783262745 0 0 0
0.5 -9.476772307203973 -5.706583113860201 4.167079250705268 0 0 0
0.5 -5.455994917094537 -14.799198543299267 -4.179961375335916 0 0 0
0.5 8.654637645421408 1.820201199263861 -14.806036708424589 0 0 0
0.5 16.610694329455747 -8.827383637989454 3.35664277262988 0 0 0
0.5 6.553160465036329 10.235831049335742 -10.54203402506861 0 0 0
0.5 -8.318981185916783 -1.9382341674574632 7.3540740382932075 0 0 0
0.5 10.524597708120554 1.2683088252248718 5.629239486961356 0 0 0
0.5 7.646615505207501 10.62964496769421 -0.9641228963474889 0 0 0
0.5 9.616321228724017 8.421403438779736 -13.75507364238389 0 0 0
0.5 -10.053255742768876 -0.5549837366108586 -9.89630284123267 0 0 0
0.5 0.2819156802263753 1.6449583118552153 0.6599974453616733 0 0 0
0.5 -9.259964783071256 9.267138770684136 -1.8687183296390735 0 0 0
0.5 14.43073827551474 -9.973855774282741 -5.210705260584449 0 0 0
0.5 -0.027732830002222333 2.5714187070236134 -18.724508489173704 0 0 0
0.5 4.889865502256323 4.691280082915403 4.131860159076385 0 0 0
0.5 8.832078545116936 1.6712557830756833 -16.45223606013752 0 0 0
0.5 14.413210627490159 8.98440408239246 -8.580862244867374 0 0 0
0.5 15.27293469657771 -0.994468460685273 -11.946260953123765 0 0 0
0.5 -2.1157906298022495 11.627994046316742 -12.193000099447582 0 0 0
0.5 -5.506240614294552 -7.748417391899862 3.1779175115936775 0 0 0
0.5 2.781924085482706 -0.11364948190780731 5.8767446611252465 0 0 0
0.5 -11.429032583970884 -6.744344067171908 13.810814430284314 0 0 0
0.5 3.5644512623193854 -8.402120563798704 16.957112808581563 0 0 0
0.5 3.6757961450463323 -4.532537786772411 3.9842970163495544 0 0 0
0.5 9.854432048137916 7.85661129555054 -14.808250806680899 0 0 0
0.5 7.879392713316776 9.064868161055443 -8.018042274945923 0 0 0
0.5 3.715936259587001 -9.00117154531181 -12.51890390709105 0 0 0
0.5 4.842628580957808 3.876827718126729 -9.513060436851491 0 0 0
0.5 -2.8657625024356608 15.320348639962816 -7.774316692220211 0 0 0
0.5 15.487219815286934 -6.240162334730135 6.337628549105259 0 0 0
0.5 3.5103745721513984 -0.5451820714438959 -19.19290741489893 0 0 0
0.5 4.548198906032371 15.802053923153705 0.8592791121299607 0 0 0
0.5 9.5611813686343 -9.666712506739946 -9.697667621076365 0 0 0
0.5 -3.69565567786483 8.461162597502279 16.989602138781446 0 0 0
0.5 -5.974666292784275 -7.009935831263705 4.495032342579626 0 0 0
0.5 7.203135508311293 9.879913247696905 5.711899070111823 0 0 0
0.5 1.8862138217266233 -10.83866610880282 14.392056946104814 0 0 0
0.5 -1.3030477057690006 -4.148121507423671 -0.27942791997078303 0 0 0
0.5 8.115560585549115 1.7192521255172666 10.38185037693705 0 0 0
0.5 -6.451682579131618 -9.237115318620017 -9.330196274156101 0 0 0
0.5 -4.8643802345627165 -1.7989000383518077 9.731236956103743 0 0 0
0.5 -0.0740218419768428 5.661242573361798 -15.544403374535566 0 0 0
0.5 5.632158857292165 -12.708275589451581 6.4301496046214455 0 0 0
0.5 -1.3667931268109375 -4.606764646429951 -6.101503308986438 0 0 0
0.5 -7.582178608068375 13.466959847074524 -0.24775570933711824 0 0 0
0.5 -3.0620249435778 0.6399549579303191 8.956154919594553 0 0 0
0.5 4.4215494047932316 2.6976736107290336 -14.70348937154825 0 0 0
0.5 -13.378082524095957 4.67314817654024 -12.872852940008645 0 0 0
0.5 2.95192189360643 1.8810898224437838 13.799236241227833 0 0 0
0.5 -6.763554670996427 12.009417485876131 3.7074404121934506 0 0 0
0.5 -14.596639994990134 -1.9821776026544455 -2.2226900303317243 0 0 0
0.5 9.366827095431722 13.917034917364527 8.29045212018382 0 0 0
0.5 -6.66826935112539 11.373582007196324 13.977092352132159 0 0 0
0.5 -10.768905847600472 6.56101686976161 -8.772372524122037 0 0 0
0.5 0.05687207887967998 0.06121467299827925 14.620296247533053 0 0 0
0.5 2.618719081406982 -9.845598654879222 -10.72048576975353 0 0 0
0.5 15.306290327397814 -6.680262880033293 5.573306814013462 0 0 0
0.5 -17.35308455203519 2.125101431372856 -8.235739221581934 0 0 0
0.5 -10.771595472002975 1.5408941394246998 -5.314415649922921 0 0 0
0.5 0.7517041910679063 -6.227731693106324 15.197173512274977 0 0 0
0.5 15.292963157826337 1.411973590166832 -2.103216732624188 0 0 0
0.5 -0.003604692128368456 18.161866948681062 3.7401922526227067 0 0 0
0.5 -5.1023999570810945 -1.8805147425350774 -9.727037102149986 0 0 0
0.5 0.16732628868799929 -0.05909288881334864 -6.452411622988666 0 0 0
0.5 -7.625990709156301 -6.272072108082136 -4.154325071391211 0 0 0
0.5 9.004604514932508 -6.494829275640332 8.540845371744197 0 0 0
0.5 -3.706784515430044 2.0927003098905477 -14.531840306357953 0 0 0
0.5 -2.573305111558037 -0.743936542013149 -15.390789317117747 0 0 0
0.5 10.068122208124425 -12.402225815472471 5.538251296384707 0 0 0
0.5 10.390353269093398 -0.6696444629326024 -16.070632544883118 0 0 0
0.5 12.615372174490759 -0.022128411572920482 -13.273180969586512 0 0 0
0.5 -6.200901640342606 -6.7253237490953195 -1.1630924389351396 0 0 0
0.5 7.10327914831912 -1.9709605564135713 -18.313149911043237 0 0 0
0.5 0.8099102883821284 -9.122376656773207 13.417915616125143 0 0 0
0.5 -3.604863476677743 6.144761198927962 10.30052836517661 0 0 0
0.5 3.59534420983297 14.842562446656196 2.3731440813858597 0 0 0
0.5 -14.477903042340321 8.117981537220253 5.385900717300943 0 0 0
0.5 -13.122784487292869 -13.27222246356799 -3.4432507057447403 0 0 0
0.5 9.005707960377073 -10.095121630893576 -6.185191060496942 0 0 0
0.5 0.1145365675277843 -1.175697758107075 13.738288319054606 0 0 0
0.5 2.2485252426704228 6.6613085675026715 -13.679744575324735 0 0 0
