300
0
1 8.363654815076233 -1.1008468525878177 4.054236811791694 0 0 0
1 2.969370851874276 -14.236866525495179 -10.691286752459794 0 0 0
1 2.337717397404442 10.453807344828734 -7.602533699451866 0 0 0
1 3.525196288153885 -18.125974915522182 -5.492808068762789 0 0 0
1 -0.6494247002236588 2.2091647750741896 18.73197128243598 0 0 0
1 -9.276191722074723 7.676313434613702 -9.775600450768694 0 0 0
1 1.4872519498040215 15.169221217046486 5.059717286744952 0 0 0
1 -10.752060180619768 -0.2210454448816946 12.739064605621676 0 0 0
1 8.537434562564227 10.57834483768258 2.2734363914554203 0 0 0
1 0.827764000540557 4.913742384706531 -17.302805934351127 0 0 0
1 -17.256858289582613 -4.181403166856628 4.897822691942768 0 0 0
1 3.226306692365889 3.986881183489172 -13.789756550212939 0 0 0
1 8.381864172921814 7.772358583666743 14.319366591406709 0 0 0
1 -8.99149653038985 5.314098358818935 -12.26290714481295 0 0 0
1 -5.830092683359628 -6.273602937270349 13.57706222808788 0 0 0
1 13.419103432170568 0.5984276259944343 -1.600463367235739 0 0 0
1 -5.90973000447983 17.431561181922024 -2.347148033444541 0 0 0
1 -9.924833577387249 -10.215253041334192 -10.038247980520264 0 0 0
1 -6.207081931283723 2.8637604381321955 -18.46772412579668 0 0 0
1 -3.16791980208683 -5.702320025836795 -14.833218617648738 0 0 0
1 5.212263159601885 -4.357179235629481 17.425385281207305 0 0 0
1 2.0775545225517615 -2.270862471139354 7.41224659615899 0 0 0
1 -1.1644745214905465 -2.6374856695573823 -17.36856615092086 0 0 0
1 4.416086825343325 3.1685043980687913 -12.723293417783182 0 0 0
1 -9.445758951277728 6.958941580423897 -4.337634927493897 0 0 0
1 1.4444068333463849 1.0493737200231152 -5.4487592726849945 0 0 0
1 7.821519589339394 -2.921013650522974 12.781428303691765 0 0 0
1 1.4769962287473666 1.040991023332798 11.131009572156607 0 0 0
1 -6.283276127109931 -9.072402019540133 14.574536457818901 0 0 0
1 -6.179474730806059 -2.6592134744651 -16.714093984539943 0 0 0
1 10.75302306081506 0.6511446946033724 -8.146655056636229 0 0 0
1 4.660208391416979 -1.2048626765571036 -13.66712758844628 0 0 0
1 11.228910029370594 -11.16138838813271 -4.5397287400510224 0 0 0
1 -6.244257559935765 15.892456373645128 -3.804001781711104 0 0 0
1 -5.439440098308957 13.92366211319616 11.639824494337327 0 0 0
1 -1.1475829584681407 -0.5205011555227818 -19.60810417175294 0 0 0
1 -0.722397591781162 -2.135144856949075 -18.950815016997865 0 0 0
1 -6.360003099117165 -7.353950171232009 3.8601131995350335 0 0 0
1 2.994437131898648 -3.817117272901622 3.422722257648593 0 0 0
1 2.510204265531434 -7.338652609763562 17.76606824640891 0 0 0
1 0.13886072168209024 4.416413321216183 -5.634747053934181 0 0 0
1 -0.9600390480026938 -6.311117395851453 16.99946167600263 0 0 0
1 6.74761641272869 12.348006357999079 5.0184733892548365 0 0 0
1 15.988947533996807 -7.838309610888742 2.594928721306702 0 0 0
1 -9.81533507232975 -0.38786541489000353 5.911725604919222 0 0 0
1 8.678164081836643 -8.379992161565497 10.991945612298796 0 0 0
1 2.422861931159396 -3.972495622281266 19.053418575266207 0 0 0
1 -12.459851438188615 -0.4922280024348682 7.539382718540178 0 0 0
1 -14.258727044160512 7.679919817119066 -9.739613419835752 0 0 0
1 4.555344200984258 3.7239542533297025 18.686398270932344 0 0 0
1 8.260308656404705 -6.659692536064788 10.16582757397881 0 0 0
1 12.560217966343776 -13.462644230168369 -1.6646620919128314 0 0 0
1 0.2659427230455302 -2.4812685031819988 -15.563912234738067 0 0 0
1 -0.1781962926839889 2.153113122432819 -12.369196361019815 0 0 0
1 0.7687222999347421 0.4973751545950421 -12.319892631814394 0 0 0
1 -11.880597214468107 -8.735907439839123 4.1007483634135475 0 0 0
1 1.2951987883048701 -8.346567496614313 -17.735353932559033 0 0 0
1 -14.113648275356594 0.1573096983747483 2.0875037749259975 0 0 0
1 5.492032254630576 1.404084408101921 10.318886700166141 0 0 0
1 -18.69694037173912 4.165447805179405 -0.4325627545022059 0 0 0
1 2.3897537297602307 -2.441833718025986 -3.888606730213442 0 0 0
1 3.030801695296633 7.064617779583772 -6.943019750052697 0 0 0
1 -6.830184399369452 4.644856267568261 14.943187367161876 0 0 0
1 0.17241623935099465 -3.1947848062597592 -10.60027562951962 0 0 0
1 9.110304804550141 -11.635492365042465 -9.564247221945331 0 0 0
1 9.188483449407764 10.02434625440553 14.222475352127946 0 0 0
1 -0.48434978795900663 2.4268132401092806 11.386151353837729 0 0 0
1 -9.196194213656103 -2.661946390493825 -13.017456589441304 0 0 0
1 17.93283652142491 -0.38577091024698035 1.4699734977740542 0 0 0
1 4.234789420904117 2.5426536033729814 11.891174638536738 0 0 0
1 -5.75286121488154 -11.456406577372407 7.7622911418053695 0 0 0
1 4.84714442384243 -8.244280183601669 2.2703184697435272 0 0 0
1 7.559716334408279 5.977431780621429 16.904039042995112 0 0 0
1 10.861003442932946 -7.570280959042121 -7.453698223552793 0 0 0
1 -12.256125325456392 -9.13848784108493 -3.168104731249046 0 0 0
1 -6.7288376978852655 10.298794362757093 8.504009807282044 0 0 0
1 -5.702567741960965 -0.8593848020590464 18.685139112645615 0 0 0
1 -5.554385774832295 3.43179203951184 18.02348068904517 0 0 0
1 -8.320144355290527 1.3537391655905624 -9.831386473510536 0 0 0
1 -3.9826038538029205 -13.192463446474193 10.377599340473882 0 0 0
1 3.041650001862419 -5.60145714591699 -14.250368995424186 0 0 0
1 -17.19186511700303 -10.105576510372481 -0.011053371937452582 0 0 0
1 -11.767247344724886 4.686301019136966 -6.0261405508985035 0 0 0
1 2.7691728034967213 4.289468471643427 9.126578658546505 0 0 0
1 -6.017065501320511 10.137810104994543 -9.510292742080628 0 0 0
1 -1.950089193083237 12.464894933291975 -7.1618567467154195 0 0 0
1 0.28479201400323384 -16.615643118109013 3.1554854675047395 0 0 0
1 -3.825973603050545 -5.773847896664793 9.761214914622128 0 0 0
1 -3.762163896015168 3.929178789901159 -0.5193126763558801 0 0 0
1 -6.195671112237409 3.070259520906956 16.347485945752794 0 0 0
1 -1.192590474006799 5.06787354582959 17.103167760590203 0 0 0
1 -7.663098220090813 10.890828198389396 -14.431509433858347 0 0 0
1 2.634642397288136 3.4576403509044296 -4.204097480261857 0 0 0
1 4.413174837409203 4.523482706266385 17.75823721252121 0 0 0
1 12.561790525610798 -3.899340958839804 10.292746278974152 0 0 0
1 -5.62724160953954 -3.328376649385412 -9.308135440945456 0 0 0
1 1.7742119067347164 -1.530561655740327 4.869991376535517 0 0 0
1 3.3500135257068053 -3.67915012850981 -6.063412696681708 0 0 0
1 9.2110977805387 -0.9646457783920274 -2.5056052685471966 0 0 0
1 -4.472877172446204 -9.976396911984889 8.880952960489102 0 0 0
1 -5.815784176911745 4.028423592460338 8.091726992839208 0 0 0
1 10.924496330651273 -3.381136748807206 4.706729943638135 0 0 0
1 3.4948458363077854 3.94301541823303 18.666861785177257 0 0 0
1 4.287209961145285 -12.601085229502061 2.4591764408637173 0 0 0
1 -18.21210869702414 -0.4823792069095995 -2.8229225205041883 0 0 0
1 -3.948952669606151 8.02634314085371 14.929593674322579 0 0 0
1 -3.8228920521950602 3.23402366262338 -10.395069300656935 0 0 0
1 -1.3848677394442062 1.1068809711635894 14.248378280002587 0 0 0
1 -15.313131734612078 2.466647588469919 -7.329666323580918 0 0 0
1 -3.2794685169335285 14.826276971328364 -10.443056050213338 0 0 0
1 7.586084345705648 -12.383421779596738 -1.5667762226873927 0 0 0
1 -8.292120512107617 2.979055993250953 -9.312594786653856 0 0 0
1 -1.9064998940558047 16.148021255493155 8.582007720037627 0 0 0
1 6.860886098232709 -15.880864488178092 -6.736788840631453 0 0 0
1 -14.472830452754515 8.011321421742409 9.11393304728488 0 0 0
1 -3.356965676694951 3.3567029382077287 11.458245104024787 0 0 0
1 -7.62090108474427 13.04801561523271 -2.035612170796823 0 0 0
1 5.738596929226406 -6.162381495730107 18.104760273651404 0 0 0
1 15.729115786310457 -7.695033232378097 2.7784059548684 0 0 0
1 -0.03266095268138204 -9.388822316712405 11.966129882362244 0 0 0
1 -1.8609029510929525 -0.17801298004117674 9.012767047858551 0 0 0
1 -1.0316671751780573 -5.293650752472875 0.5559681933593583 0 0 0
1 11.966717156635777 13.771104319156732 7.392182257295324 0 0 0
1 0.335976298794001 -0.08049229038519565 17.072334297479962 0 0 0
1 5.5334667224774945 -1.4890247628316238 -17.62373469252223 0 0 0
1 -10.210563022573252 6.423951141174397 4.352079276625647 0 0 0
1 -4.730394500684053 4.515145110621541 14.960307076373809 0 0 0
1 9.277805407123525 7.244651296684291 4.8363562299602245 0 0 0
1 0.5434335920996661 11.031338954499635 -12.804256846961719 0 0 0
1 2.2609269389244258 -0.9353384297220244 -6.704694452988721 0 0 0
1 -1.227745927345646 -2.5602460392808557 -19.534923839341555 0 0 0
1 -2.4252386737686797 -8.280708673883062 6.168829237943039 0 0 0
1 3.4634000623621275 -2.0598229694387804 -14.93188829106825 0 0 0
1 0.4455405564212749 -0.22290445011163135 11.038723525798913 0 0 0
1 -8.350120325447705 4.121214350516084 6.715387696877555 0 0 0
1 -12.090708389338245 11.666209745582936 7.848608413819423 0 0 0
1 2.3632456980064847 0.14090876134247077 -10.469232178166852 0 0 0
1 1.7523047701473078 4.184946496429771 -10.649411743390186 0 0 0
1 5.391739973427427 -0.6250973904093837 17.202104235071698 0 0 0
1 8.53994973265459 -6.933944843504612 -16.534730310809504 0 0 0
1 -2.02187095236717 -10.291393329420615 -4.215877173519139 0 0 0
1 8.67800633830569 13.185436588757126 8.32558085090388 0 0 0
1 -13.723419808360605 -5.825456806878386 5.942334738442254 0 0 0
1 -1.5081489408765902 -7.044975673862787 -8.881899307009563 0 0 0
1 1.2397333286294994 -3.1165293139080608 -16.312875955855485 0 0 0
1 -1.888620042192335 1.0671481546843606 -7.270651349503644 0 0 0
1 12.502894638417944 4.148948723584823 12.656276349916583 0 0 0
1 -12.045521583297534 -3.076065796193139 1.1923580261140574 0 0 0
1 -11.36685330239653 11.740055958722206 -8.681444003233734 0 0 0
1 7.751014927253097 -10.794644066048397 -12.57042375427067 0 0 0
1 -13.962147248179182 -12.24192735918337 0.19633192112793155 0 0 0
1 -6.527576335722906 6.6231996336870385 10.989462391612362 0 0 0
1 4.329236024306404 2.997794720386529 -16.975314937497313 0 0 0
1 6.377723071290809 6.2748806466303115 -8.537620697759818 0 0 0
1 -1.0710446531438884 1.1203738513252006 -15.730747116871392 0 0 0
1 1.9892422617345504 19.229926279671822 -2.242848306611751 0 0 0
1 2.3448770304719693 8.709422204849682 -5.719316955962098 0 0 0
1 1.620442436190489 -0.7917287145438374 -13.011476659971347 0 0 0
1 4.3706142289178915 2.699484779004579 -12.4301383491922 0 0 0
1 -0.968607725729675 0.857601367497895 14.429776022501832 0 0 0
1 10.591877447907525 -6.651984321355329 9.804084139630683 0 0 0
1 -3.5116296159874882 1.4709091185644907 5.923313378895249 0 0 0
1 -9.394315656581107 3.4611823798645016 -15.30212806996043 0 0 0
1 -15.177586273213677 -4.52683137459227 6.001871223365655 0 0 0
1 -8.748916622606163 -0.5295600754871349 12.582668352441528 0 0 0
1 -4.3144343938078915 -3.7981741666920725 6.283580472169917 0 0 0
1 -12.179076250615912 4.185688209638808 10.366445327147114 0 0 0
1 -9.965141590170923 -6.88814560189025 4.343242577076015 0 0 0
1 3.0530544589515185 3.9767695025561687 10.016135976247217 0 0 0
1 -5.240387714136924 -10.522453992026618 -8.09344350441095 0 0 0
1 1.022008457730802 0.48032806930907224 -13.454192084160155 0 0 0
1 0.8226742336568716 2.2547463860801833 -12.537198408826038 0 0 0
1 5.143351906094129 -9.727412371244737 -13.46949334197515 0 0 0
1 -8.591640487184888 2.3031440872471527 -15.109747579187536 0 0 0
1 1.5014800315906593 -8.140995162605869 -17.631620655779177 0 0 0
1 -4.147479936097871 0.4145359551413856 16.52601545515335 0 0 0
1 5.678233141494283 7.426790361413685 14.9488787083945 0 0 0
1 13.084468953133337 6.726401982720926 -3.935787492742267 0 0 0
1 13.78836359950955 -9.568006447768203 8.262339456203884 0 0 0
1 7.393629287675208 -0.49483132392636636 18.10486044422562 0 0 0
1 -8.973119162894017 -17.66742702042792 1.9617411161135097 0 0 0
1 -3.5015044284437513 6.110888058492799 -4.093395530225667 0 0 0
1 1.9697890173831183 -9.918825044908697 2.700279671628315 0 0 0
1 8.705432490683345 -2.6440034345739485 -1.3133605279455052 0 0 0
1 9.358877062485803 -2.48240420051265 15.635693195802903 0 0 0
1 -2.90934266488716 -12.80587102261227 4.080989875908052 0 0 0
1 -6.134205319910396 -9.550743428203358 -10.960337484969093 0 0 0
1 1.9850796629625382 -0.010585200581958729 -19.377446155472057 0 0 0
1 -4.52941142278 -15.277170998885355 3.707788746258815 0 0 0
1 -1.657522769793111 6.981964370541781 16.72301746638432 0 0 0
1 -7.794189285621024 2.6951453486843233 -14.96426789895622 0 0 0
1 8.84517985276144 -3.895313835880154 2.8634322399742174 0 0 0
1 -3.8121805987893342 7.744668755213968 -0.5845277765339529 0 0 0
1 -7.6461823435440115 -6.424703557739631 9.734323881361107 0 0 0
1 0.9440585135493093 -0.2726866535765431 -6.2895610592358135 0 0 0
1 -6.099735562407922 -1.4193673741345862 -13.854902289385556 0 0 0
1 -0.0783763900005008 -0.5350123832328914 -12.638885541059302 0 0 0
1 2.274660969578035 6.604678230563681 -18.42957294250705 0 0 0
1 -3.189308712319409 -11.759456925110586 -12.745140118669022 0 0 0
1 -10.035403489623214 -6.486795047645691 9.117018347634787 0 0 0
1 6.770569999019608 -14.094627130941749 -4.192013128345482 0 0 0
1 1.7043737953167575 -14.008140595643681 0.7712689300877673 0 0 0
1 17.033431603374936 6.646605000778089 -2.287990871737681 0 0 0
1 0.18300903201439347 16.459242100328964 3.0190448717826563 0 0 0
1 4.049946130328128 -14.046766378197121 -9.920032533870096 0 0 0
1 3.5287981328711537 -14.464717120776875 2.921673174105036 0 0 0
1 19.248809995309678 -0.0733376715806827 -4.342612552408669 0 0 0
1 0.587183210488812 6.124559706444294 -1.1239096835003104 0 0 0
1 -11.206377325661867 -4.84518528515454 -10.534166623140864 0 0 0
1 4.716465366743371 6.22831945554197 13.173814920545544 0 0 0
1 -0.9618200520217219 0.7188235524632713 -15.295528522716351 0 0 0
1 0.23548622445314515 -9.13216336703245 12.160503613457067 0 0 0
1 -12.93068449173162 8.617165047100794 1.9288453458221837 0 0 0
1 -15.082615647932064 -10.263499538189638 0.8857343737765325 0 0 0
1 -0.8017490149769573 -6.589251312797233 -12.257643312700074 0 0 0
1 4.104081110547188 -2.8522057131709824 -16.90452472610757 0 0 0
1 -12.380099996063459 -7.507322438521438 -2.275855305967043 0 0 0
1 1.792502922752629 4.139185129171132 17.81555509870205 0 0 0
1 -1.2240907757570119 -0.5028344827789517 15.627446464344926 0 0 0
1 -3.258624331439674 -10.149756899725773 6.5044137379410785 0 0 0
1 -4.596330857652766 -2.5349288054741352 11.279064473115795 0 0 0
1 6.615246334758089 -13.57573417096755 6.864807706056782 0 0 0
1 -1.16478495834236 -1.2391872603009206 -16.057089839604785 0 0 0
1 1.9966592553022942 -11.37126621842565 -14.928628166893798 0 0 0
1 -9.694043758478005 8.137740656828562 8.203500142878532 0 0 0
1 -14.619960288728576 12.284649331282719 -2.6580381493791263 0 0 0
1 -0.2905620941414947 -4.677159439521082 11.016221060324261 0 0 0
1 -1.6743616432674662 -8.690447912543307 -17.01803832426659 0 0 0
1 -4.668181174608547 6.071785161650813 0.2141817873182076 0 0 0
1 2.362911834395374 7.2205405935147065 12.932537460514721 0 0 0
1 -14.800440508408398 6.9270120071161525 2.0267843468476245 0 0 0
1 -1.0184475696874065 3.210924519964928 -15.616914213449894 0 0 0
1 -0.9953147829259011 1.2469042648030093 -14.8880808593417 0 0 0
1 5.18248142625857 1.6939715069392673 -3.9841584797030305 0 0 0
1 1.4565449585829406 -0.23625430888467425 -14.913979929671907 0 0 0
1 11.487449407678307 6.234540827725542 9.824504442056064 0 0 0
1 -2.5942042754487464 -5.896806763495972 10.493822470285151 0 0 0
1 16.42179409446344 -9.345239420635437 4.8573708144363765 0 0 0
1 5.372865748114582 -13.061804054141863 12.013745536915481 0 0 0
1 -0.2979582259468331 0.15892723347681162 15.897242158297798 0 0 0
1 -1.665702078902364 0.24070277295473896 -10.637573930292772 0 0 0
1 1.5499081333341231 -14.712746469176775 -10.60961592918122 0 0 0
1 -4.672167750187423 -8.240266969290806 16.016763499006323 0 0 0
1 13.127851226963815 -7.202688659787371 9.145418811778308 0 0 0
1 0.12218975890312878 -0.766032837630098 -15.540869859451853 0 0 0
1 0.03161020865685944 -0.46947630411721125 9.301786316211855 0 0 0
1 11.52147299968151 -6.923388209886662 4.078826909673662 0 0 0
1 -6.183729023077909 0.7744441777338851 -3.450311318317005 0 0 0
1 14.787606886140972 -10.694825410144224 4.2355915024803155 0 0 0
1 0.44767757304156336 1.7071476838960349 -19.592555143756954 0 0 0
1 -17.880348257978405 -3.8469237905096554 -0.4820256181356023 0 0 0
1 10.131677139275732 5.378159743617474 11.957368512676757 0 0 0
1 5.260208630150088 -11.59221888319687 -12.67946776080524 0 0 0
1 -5.685902275617251 -12.571221346676246 -0.9768720942144953 0 0 0
1 15.360492612893983 2.84070965921109 9.903240551314164 0 0 0
1 -10.724489369343308 5.494820940870201 -15.770693908361917 0 0 0
1 -5.916631251321863 6.191039409661748 11.366695224866636 0 0 0
1 0.9875463238439923 0.48725340788351446 17.862911527675205 0 0 0
1 11.437278090144062 0.8773547713595946 12.666541595339982 0 0 0
1 6.042592064208879 3.8364941632003124 12.082850859080208 0 0 0
1 -16.963771079616123 -2.4827008679757463 -3.001490318898102 0 0 0
1 -2.7773331013876 2.1043860051483376 10.898192570168929 0 0 0
1 1.4389346604251438 -0.08775859581224991 7.952471283826888 0 0 0
1 -0.0015877782831322578 -0.038997337849833995 -3.1353590745015407 0 0 0
1 9.531392955996264 -10.369905337224493 10.168488125546267 0 0 0
1 2.3426567112949357 -3.392391536317708 14.047922275685343 0 0 0
1 10.049210427679679 -12.493195492188605 -9.39409961057397 0 0 0
1 -0.1370831809110815 0.9482169619837756 18.1108221587974 0 0 0
1 5.819994932680029 -7.909525762289455 -7.58617021173459 0 0 0
1 -11.951669708377242 -2.826189843245491 1.8438315149265905 0 0 0
1 -4.302752393521595 2.1606958269477228 7.109402733076374 0 0 0
1 -2.477711901328914 15.208686209514473 0.07043976493573394 0 0 0
1 -0.5134150230781364 0.6595154151135056 -5.8728332794664535 0 0 0
1 5.75669868296161 6.254762575805221 -9.390600889620547 0 0 0
1 -11.093531968357789 -7.356695619603943 0.31428511099665357 0 0 0
1 -9.132827184580561 -10.314664286010032 0.6140680869536816 0 0 0
1 6.850694193153559 0.4956087072924878 1.8945372233158642 0 0 0
1 -7.863370196775528 -5.146406545885899 17.551317836866268 0 0 0
1 -3.7496348703707767 -10.554337068655016 11.405136735844643 0 0 0
1 16.292165492637835 4.10073776734531 7.205149734819061 0 0 0
1 -8.105492987697684 3.8125669924430876 -9.944118788274556 0 0 0
1 11.219531205954727 3.052200836844301 -15.454860006794917 0 0 0
1 0.26847674585553694 -0.21556380580279322 19.753969402093674 0 0 0
1 11.644479440013736 7.6765428912908265 -5.744663779577906 0 0 0
1 -4.14671321406658 2.721136411000935 10.067190592356893 0 0 0
1 1.7058425492077185 2.0454922354907557 18.875349152913603 0 0 0
1 -1.8883376734316937 -15.848203032398688 10.91884561459235 0 0 0
1 17.050617103535817 -2.916858752162829 3.337258828290541 0 0 0
1 3.102832682449451 -2.130681691881906 9.071262024220841 0 0 0
1 -10.627654495797787 15.408290952099206 -6.389646192431954 0 0 0
1 -4.163582250897494 5.557342397041691 -4.618564522781199 0 0 0
1 -9.79823021632976 -2.985647428612967 7.9518228221143525 0 0 0
1 0.7755310230826371 -0.3900024758977576 18.964795575576105 0 0 0
1 -2.219864680275132 -0.16747989681033315 -2.2309367874472446 0 0 0
1 -5.0278942357006295 1.957754435687525 13.393941919358756 0 0 0
1 -2.04791248227538 -9.868925094304783 -4.315648221691501 0 0 0
1 2.1246881919867446 14.20101846177811 8.561121057433477 0 0 0
1 -0.3853790427539514 10.521414073196238 -16.023173942749445 0 0 0
1 8.261530457709899 -13.218983859506288 12.320940297611903 0 0 0
1 5.231560244816905 -3.3115110225074944 3.9407815824003003 0 0 0
